Date,New Cases,Total Cases,Daily Dead,Total Dead,Daily Recovered,Total Recovered
14-Mar-20,1,1,0,0,0,0
15-Mar-20,0,1,0,0,0,0
16-Mar-20,0,1,0,0,0,0
17-Mar-20,0,1,0,0,0,0
18-Mar-20,0,1,0,0,0,0
19-Mar-20,2,3,0,0,0,0
20-Mar-20,0,3,0,0,0,0
21-Mar-20,2,5,0,0,0,0
22-Mar-20,1,6,0,0,0,0
23-Mar-20,1,7,0,0,0,0
24-Mar-20,1,8,0,0,0,0
25-Mar-20,2,10,0,0,1,1
26-Mar-20,1,11,0,0,0,1
27-Mar-20,2,13,0,0,0,1
28-Mar-20,6,19,0,0,0,1
29-Mar-20,2,21,0,0,0,1
30-Mar-20,2,23,0,0,0,1
31-Mar-20,21,44,0,0,0,1
01-Apr-20,67,111,0,0,1,2
02-Apr-20,38,149,0,0,0,2
03-Apr-20,15,164,1,1,0,2
04-Apr-20,28,192,0,1,0,2
05-Apr-20,64,256,0,1,3,5
06-Apr-20,47,303,2,3,0,5
07-Apr-20,11,314,1,4,0,5
08-Apr-20,34,348,0,4,1,6
09-Apr-20,15,363,2,6,4,10
10-Apr-20,18,381,0,6,0,10
11-Apr-20,24,405,0,6,0,10
12-Apr-20,15,420,1,7,2,12
13-Apr-20,19,439,0,7,0,12
14-Apr-20,45,484,4,11,4,16
15-Apr-20,41,525,3,14,4,20
16-Apr-20,9,534,0,14,0,20
17-Apr-20,38,572,0,14,15,35
18-Apr-20,31,603,2,16,7,42
19-Apr-20,44,647,1,17,23,65
20-Apr-20,75,722,3,20,27,92
21-Apr-20,35,757,2,22,4,96
22-Apr-20,56,813,2,24,24,120
23-Apr-20,80,893,3,27,21,141
24-Apr-20,62,955,2,29,4,145
25-Apr-20,61,1016,2,31,26,171
26-Apr-20,81,1097,0,31,60,231
27-Apr-20,80,1177,0,31,4,235
28-Apr-20,82,1259,0,31,23,258
29-Apr-20,73,1332,0,31,29,287
30-Apr-20,71,1403,0,31,34,321
01-May-20,60,1463,2,33,82,403
02-May-20,62,1525,0,33,38,441
03-May-20,58,1583,0,33,47,488
04-May-20,67,1650,0,33,36,524
05-May-20,67,1717,1,34,65,589
06-May-20,60,1777,2,36,140,729
07-May-20,56,1833,2,38,51,780
08-May-20,54,1887,3,41,62,842
09-May-20,43,1930,3,44,45,887
10-May-20,50,1980,1,45,38,925
11-May-20,38,2018,0,45,73,998
12-May-20,71,2089,1,46,58,1056
13-May-20,48,2137,1,47,86,1142
14-May-20,68,2205,1,48,50,1192
15-May-20,102,2307,0,48,60,1252
16-May-20,48,2355,1,49,101,1353
17-May-20,25,2380,1,50,103,1456
18-May-20,52,2432,0,50,96,1552
19-May-20,57,2489,2,52,69,1621
20-May-20,71,2560,1,53,43,1664
21-May-20,45,2605,1,54,41,1705
22-May-20,62,2667,1,55,26,1731
23-May-20,47,2714,1,56,48,1779
24-May-20,66,2780,0,56,62,1841
25-May-20,106,2886,0,56,51,1892
26-May-20,97,2983,1,57,125,2017
27-May-20,134,3117,1,58,48,2065
28-May-20,128,3245,1,59,68,2133
29-May-20,85,3330,1,60,101,2234
30-May-20,131,3461,0,60,55,2289
31-May-20,110,3571,2,62,51,2340
01-Jun-20,105,3676,2,64,34,2374
02-Jun-20,115,3791,0,64,40,2414
03-Jun-20,180,3971,4,68,50,2464
04-Jun-20,141,4112,3,71,65,2529
05-Jun-20,138,4250,2,73,36,2565
06-Jun-20,210,4460,0,73,75,2640
07-Jun-20,199,4659,2,75,29,2669
08-Jun-20,154,4813,0,75,42,2711
09-Jun-20,69,4882,2,77,48,2759
10-Jun-20,365,5247,1,78,110,2869
11-Jun-20,182,5429,2,80,99,2968
12-Jun-20,207,5636,0,80,123,3091
13-Jun-20,222,5858,2,82,94,3185
14-Jun-20,294,6152,2,84,131,3316
15-Jun-20,304,6456,2,86,69,3385
16-Jun-20,264,6720,2,88,128,3513
17-Jun-20,351,7071,2,90,128,3641
18-Jun-20,425,7496,2,92,131,3772
19-Jun-20,465,7961,4,96,133,3905
20-Jun-20,491,8452,5,101,206,4111
21-Jun-20,477,8929,5,106,196,4307
22-Jun-20,443,9372,5,111,128,4435
23-Jun-20,462,9834,8,119,157,4592
24-Jun-20,497,10331,10,129,187,4779
25-Jun-20,553,10884,7,136,209,4988
26-Jun-20,605,11489,10,146,208,5196
27-Jun-20,796,12285,11,157,284,5480
28-Jun-20,813,13098,12,169,428,5908
29-Jun-20,793,13891,11,180,324,6232
30-Jun-20,704,14595,7,187,279,6511
01-Jul-20,657,15252,6,193,477,6988
02-Jul-20,845,16097,5,198,325,7313
03-Jul-20,837,16934,8,206,319,7632
04-Jul-20,765,17699,12,218,376,8008
05-Jul-20,998,18697,14,232,414,8422
06-Jul-20,1322,20019,7,239,498,8920
07-Jul-20,1178,21197,13,252,825,9745
08-Jul-20,1062,22259,12,264,1356,11101
09-Jul-20,1555,23814,13,277,1053,12154
10-Jul-20,1608,25422,15,292,1040,13194
11-Jul-20,1813,27235,17,309,1199,14393
12-Jul-20,1933,29168,19,328,1019,15412
13-Jul-20,1935,31103,37,365,1052,16464
14-Jul-20,1916,33019,43,408,1003,17467
15-Jul-20,2432,35451,44,452,911,18378
16-Jul-20,2593,38044,40,492,1015,19393
17-Jul-20,2602,40646,42,534,905,20298
18-Jul-20,3963,44609,52,586,1465,21763
19-Jul-20,5041,49650,56,642,1127,22890
20-Jul-20,4074,53724,54,696,1338,24228
21-Jul-20,4944,58668,62,758,1346,25574
22-Jul-20,6045,64713,65,823,6553,32127
23-Jul-20,7998,72711,61,884,5428,37555
24-Jul-20,8147,80858,49,933,2380,39935
25-Jul-20,7813,88671,52,985,3320,43255
26-Jul-20,7627,96298,56,1041,3046,46301
27-Jul-20,6051,102349,49,1090,3257,49558
28-Jul-20,7948,110297,58,1148,3064,52622
29-Jul-20,10093,120390,65,1213,2784,55406
30-Jul-20,10167,130557,68,1281,4618,60024
31-Jul-20,10376,140933,68,1349,3840,63864
01-Aug-20,9276,150209,58,1407,12750,76614
02-Aug-20,8555,158764,67,1474,6272,82886
03-Aug-20,7822,166586,63,1537,5786,88672
04-Aug-20,9747,176333,67,1604,6953,95625
05-Aug-20,10128,186461,77,1681,8729,104354
06-Aug-20,10328,196789,72,1753,8516,112870
07-Aug-20,10171,206960,89,1842,7594,120464
08-Aug-20,10080,217040,97,1939,9151,129615
09-Aug-20,10820,227860,97,2036,9097,138712
10-Aug-20,7665,235525,80,2116,6924,145636
11-Aug-20,9024,244549,87,2203,9113,154749
12-Aug-20,9597,254146,93,2296,6676,161425
13-Aug-20,9996,264142,82,2378,9499,170924
14-Aug-20,8943,273085,97,2475,9779,180703
15-Aug-20,8732,281817,87,2562,10414,191117
16-Aug-20,8012,289829,88,2650,10117,201234
17-Aug-20,6780,296609,82,2732,7866,209100
18-Aug-20,9652,306261,88,2820,9211,218311
19-Aug-20,9742,316003,86,2906,8061,226372
20-Aug-20,9393,325396,95,3001,8846,235218
21-Aug-20,9544,334940,91,3092,8827,244045
22-Aug-20,10276,345216,97,3189,8593,252638
23-Aug-20,7895,353111,93,3282,7449,260087
24-Aug-20,8601,361712,86,3368,8741,268828
25-Aug-20,9927,371639,92,3460,9419,278247
26-Aug-20,10830,382469,81,3541,8473,286720
27-Aug-20,10621,393090,92,3633,8528,295248
28-Aug-20,10526,403616,81,3714,8463,303711
29-Aug-20,10548,414164,82,3796,8976,312687
30-Aug-20,10603,424767,88,3884,9067,321754
31-Aug-20,10004,434771,85,3969,8772,330526
01-Sep-20,10368,445139,84,4053,9350,339876
02-Sep-20,10392,455531,72,4125,8454,348330
03-Sep-20,10199,465730,75,4200,9499,357829
04-Sep-20,10776,476506,76,4276,12334,370163
05-Sep-20,10825,487331,71,4347,11941,382104
06-Sep-20,10794,498125,70,4417,11915,394019
07-Sep-20,8368,506493,70,4487,10055,404074
08-Sep-20,10601,517094,73,4560,11691,415765
09-Sep-20,10418,527512,74,4634,9842,425607
10-Sep-20,10175,537687,68,4702,10040,435647
11-Sep-20,9999,547686,77,4779,11069,446716
12-Sep-20,9901,557587,67,4846,10292,457008
13-Sep-20,9536,567123,66,4912,10131,467139
14-Sep-20,7956,575079,60,4972,9764,476903
15-Sep-20,8846,583925,69,5041,9628,486531
