Date,New Cases,Total Cases,Daily Dead,Total Dead,Daily Recovered,Total Recovered
14-Mar-20,0,0,0,0,0,0
15-Mar-20,0,0,0,0,0,0
16-Mar-20,0,0,0,0,0,0
17-Mar-20,0,0,0,0,0,0
18-Mar-20,0,0,0,0,0,0
19-Mar-20,0,0,0,0,0,0
20-Mar-20,0,0,0,0,0,0
21-Mar-20,0,0,0,0,0,0
22-Mar-20,0,0,0,0,0,0
23-Mar-20,0,0,0,0,0,0
24-Mar-20,0,0,0,0,0,0
25-Mar-20,0,0,0,0,0,0
26-Mar-20,0,0,0,0,0,0
27-Mar-20,0,0,0,0,0,0
28-Mar-20,0,0,0,0,0,0
29-Mar-20,0,0,0,0,0,0
30-Mar-20,0,0,0,0,0,0
31-Mar-20,0,0,0,0,0,0
01-Apr-20,0,0,0,0,0,0
02-Apr-20,1,1,0,0,0,0
03-Apr-20,0,1,0,0,0,0
04-Apr-20,0,1,0,0,0,0
05-Apr-20,0,1,0,0,0,0
06-Apr-20,0,1,0,0,0,0
07-Apr-20,0,1,0,0,0,0
08-Apr-20,0,1,0,0,0,0
09-Apr-20,0,1,0,0,0,0
10-Apr-20,0,1,0,0,0,0
11-Apr-20,0,1,0,0,0,0
12-Apr-20,0,1,0,0,0,0
13-Apr-20,0,1,0,0,0,0
14-Apr-20,0,1,0,0,0,0
15-Apr-20,0,1,0,0,1,1
16-Apr-20,0,1,0,0,0,1
17-Apr-20,0,1,0,0,0,1
18-Apr-20,0,1,0,0,0,1
19-Apr-20,0,1,0,0,0,1
20-Apr-20,0,1,0,0,0,1
21-Apr-20,0,1,0,0,0,1
22-Apr-20,0,1,0,0,0,1
23-Apr-20,0,1,0,0,0,1
24-Apr-20,0,1,0,0,0,1
25-Apr-20,0,1,0,0,0,1
26-Apr-20,0,1,0,0,0,1
27-Apr-20,0,1,0,0,0,1
28-Apr-20,0,1,0,0,0,1
29-Apr-20,0,1,0,0,0,1
30-Apr-20,0,1,0,0,0,1
01-May-20,0,1,0,0,0,1
02-May-20,0,1,0,0,0,1
03-May-20,0,1,0,0,0,1
04-May-20,0,1,0,0,0,1
05-May-20,0,1,0,0,0,1
06-May-20,0,1,0,0,0,1
07-May-20,0,1,0,0,0,1
08-May-20,0,1,0,0,0,1
09-May-20,0,1,0,0,0,1
10-May-20,0,1,0,0,0,1
11-May-20,0,1,0,0,0,1
12-May-20,0,1,0,0,0,1
13-May-20,0,1,0,0,0,1
14-May-20,0,1,0,0,0,1
15-May-20,0,1,0,0,0,1
16-May-20,0,1,0,0,0,1
17-May-20,0,1,0,0,0,1
18-May-20,0,1,0,0,0,1
19-May-20,0,1,0,0,0,1
20-May-20,0,1,0,0,0,1
21-May-20,0,1,0,0,0,1
22-May-20,0,1,0,0,0,1
23-May-20,0,1,0,0,0,1
24-May-20,1,2,0,0,0,1
25-May-20,0,2,0,0,0,1
26-May-20,0,2,0,0,0,1
27-May-20,0,2,0,0,0,1
28-May-20,1,3,0,0,0,1
29-May-20,0,3,0,0,0,1
30-May-20,1,4,0,0,0,1
31-May-20,0,4,0,0,0,1
01-Jun-20,18,22,0,0,0,1
02-Jun-20,2,24,0,0,0,1
03-Jun-20,10,34,0,0,0,1
04-Jun-20,5,39,0,0,0,1
05-Jun-20,4,43,0,0,0,1
06-Jun-20,2,45,0,0,0,1
07-Jun-20,3,48,0,0,0,1
08-Jun-20,6,54,0,0,0,1
09-Jun-20,0,54,0,0,1,2
10-Jun-20,4,58,0,0,2,4
11-Jun-20,6,64,0,0,0,4
12-Jun-20,19,83,0,0,0,4
13-Jun-20,5,88,0,0,2,6
14-Jun-20,3,91,0,0,1,7
15-Jun-20,4,95,0,0,0,7
16-Jun-20,4,99,0,0,0,7
17-Jun-20,4,103,0,0,3,10
18-Jun-20,0,103,0,0,1,11
19-Jun-20,32,135,0,0,3,14
20-Jun-20,0,135,0,0,1,15
21-Jun-20,4,139,0,0,6,21
22-Jun-20,9,148,0,0,1,22
23-Jun-20,10,158,0,0,16,38
24-Jun-20,2,160,1,1,0,38
25-Jun-20,12,172,0,1,4,42
26-Jun-20,2,174,0,1,7,49
27-Jun-20,3,177,0,1,5,54
28-Jun-20,5,182,0,1,6,60
29-Jun-20,5,187,0,1,1,61
30-Jun-20,4,191,0,1,1,62
01-Jul-20,4,195,0,1,4,66
02-Jul-20,37,232,0,1,5,71
03-Jul-20,20,252,0,1,4,75
04-Jul-20,7,259,0,1,1,76
05-Jul-20,10,269,0,1,2,78
06-Jul-20,1,270,1,2,14,92
07-Jul-20,6,276,0,2,13,105
08-Jul-20,11,287,0,2,4,109
09-Jul-20,15,302,0,2,11,120
10-Jul-20,33,335,0,2,0,120
11-Jul-20,6,341,0,2,5,125
12-Jul-20,19,360,0,2,13,138
13-Jul-20,27,387,1,3,7,145
14-Jul-20,75,462,0,3,8,153
15-Jul-20,29,491,0,3,0,153
16-Jul-20,52,543,0,3,0,153
17-Jul-20,66,609,0,3,22,175
18-Jul-20,41,650,0,3,99,274
19-Jul-20,90,740,0,3,8,282
20-Jul-20,50,790,0,3,3,285
21-Jul-20,68,858,0,3,18,303
22-Jul-20,91,949,0,3,11,314
23-Jul-20,42,991,0,3,20,334
24-Jul-20,65,1056,0,3,58,392
25-Jul-20,70,1126,0,3,36,428
26-Jul-20,32,1158,0,3,77,505
27-Jul-20,81,1239,0,3,69,574
28-Jul-20,91,1330,0,3,43,617
29-Jul-20,80,1410,0,3,60,677
30-Jul-20,74,1484,0,3,150,827
31-Jul-20,107,1591,0,3,91,918
01-Aug-20,83,1674,0,3,51,969
02-Aug-20,24,1698,0,3,27,996
03-Aug-20,60,1758,0,3,67,1063
04-Aug-20,32,1790,0,3,42,1105
05-Aug-20,65,1855,0,3,105,1210
06-Aug-20,93,1948,0,3,35,1245
07-Aug-20,101,2049,0,3,81,1326
08-Aug-20,68,2117,0,3,104,1430
09-Aug-20,38,2155,0,3,52,1482
10-Aug-20,76,2231,0,3,110,1592
11-Aug-20,96,2327,0,3,42,1634
12-Aug-20,103,2430,0,3,25,1659
13-Aug-20,82,2512,1,4,59,1718
14-Aug-20,95,2607,1,5,32,1750
15-Aug-20,51,2658,0,5,21,1771
16-Aug-20,43,2701,0,5,37,1808
17-Aug-20,40,2741,0,5,85,1893
18-Aug-20,134,2875,0,5,56,1949
19-Aug-20,75,2950,0,5,73,2022
20-Aug-20,116,3066,0,5,71,2093
21-Aug-20,60,3126,0,5,32,2125
22-Aug-20,97,3223,0,5,103,2228
23-Aug-20,40,3263,0,5,69,2297
24-Aug-20,49,3312,0,5,130,2427
25-Aug-20,100,3412,0,5,81,2508
26-Aug-20,143,3555,0,5,55,2563
27-Aug-20,78,3633,0,5,58,2621
28-Aug-20,112,3745,2,7,88,2709
29-Aug-20,132,3877,0,7,45,2754
30-Aug-20,157,4034,0,7,68,2822
31-Aug-20,78,4112,0,7,63,2885
01-Sep-20,100,4212,0,7,94,2979
02-Sep-20,148,4360,0,7,96,3075
03-Sep-20,214,4574,1,8,92,3167
04-Sep-20,201,4775,0,8,113,3280
05-Sep-20,139,4914,0,8,101,3381
06-Sep-20,86,5000,0,8,91,3472
07-Sep-20,180,5180,0,8,124,3596
08-Sep-20,221,5401,1,9,127,3723
09-Sep-20,144,5545,0,9,183,3906
10-Sep-20,127,5672,0,9,99,4005
11-Sep-20,153,5825,1,10,121,4126
12-Sep-20,136,5961,0,10,127,4253
13-Sep-20,160,6121,0,10,126,4379
14-Sep-20,176,6297,1,11,152,4531
15-Sep-20,169,6466,2,13,127,4658
