Date,New Cases,Total Cases,Daily Dead,Total Dead,Daily Recovered,Total Recovered
14-Mar-20,0,0,0,0,0,0
15-Mar-20,0,0,0,0,0,0
16-Mar-20,0,0,0,0,0,0
17-Mar-20,0,0,0,0,0,0
18-Mar-20,0,0,0,0,0,0
19-Mar-20,0,0,0,0,0,0
20-Mar-20,0,0,0,0,0,0
21-Mar-20,0,0,0,0,0,0
22-Mar-20,0,0,0,0,0,0
23-Mar-20,0,0,0,0,0,0
24-Mar-20,0,0,0,0,0,0
25-Mar-20,0,0,0,0,0,0
26-Mar-20,0,0,0,0,0,0
27-Mar-20,0,0,0,0,0,0
28-Mar-20,0,0,0,0,0,0
29-Mar-20,0,0,0,0,0,0
30-Mar-20,0,0,0,0,0,0
31-Mar-20,1,1,0,0,0,0
01-Apr-20,15,16,0,0,0,0
02-Apr-20,0,16,0,0,0,0
03-Apr-20,7,23,0,0,0,0
04-Apr-20,3,26,0,0,0,0
05-Apr-20,0,26,0,0,0,0
06-Apr-20,0,26,0,0,0,0
07-Apr-20,2,28,0,0,0,0
08-Apr-20,0,28,0,0,0,0
09-Apr-20,1,29,0,0,0,0
10-Apr-20,0,29,1,1,0,0
11-Apr-20,0,29,0,1,0,0
12-Apr-20,1,30,0,1,0,0
13-Apr-20,2,32,0,1,0,0
14-Apr-20,1,33,0,1,0,0
15-Apr-20,0,33,0,1,2,2
16-Apr-20,2,35,0,1,3,5
17-Apr-20,0,35,0,1,4,9
18-Apr-20,0,35,0,1,3,12
19-Apr-20,0,35,0,1,5,17
20-Apr-20,0,35,0,1,2,19
21-Apr-20,0,35,0,1,0,19
22-Apr-20,0,35,0,1,0,19
23-Apr-20,1,36,0,1,0,19
24-Apr-20,0,36,0,1,0,19
25-Apr-20,0,36,0,1,0,19
26-Apr-20,0,36,0,1,8,27
27-Apr-20,0,36,0,1,0,27
28-Apr-20,2,38,0,1,0,27
29-Apr-20,0,38,0,1,2,29
30-Apr-20,5,43,0,1,0,29
01-May-20,0,43,0,1,4,33
02-May-20,0,43,0,1,0,33
03-May-20,0,43,0,1,0,33
04-May-20,0,43,0,1,0,33
05-May-20,2,45,0,1,0,33
06-May-20,1,46,0,1,2,35
07-May-20,8,54,0,1,0,35
08-May-20,6,60,1,2,0,35
09-May-20,2,62,-1,1,0,35
10-May-20,1,63,0,1,0,35
11-May-20,2,65,0,1,5,40
12-May-20,0,65,0,1,0,40
13-May-20,15,80,0,1,0,40
14-May-20,7,87,0,1,0,40
15-May-20,3,90,0,1,1,41
16-May-20,3,93,0,1,0,41
17-May-20,8,101,0,1,1,42
18-May-20,15,116,2,3,0,42
19-May-20,42,158,0,3,0,42
20-May-20,31,189,0,3,7,49
21-May-20,22,211,0,3,6,55
22-May-20,15,226,0,3,0,55
23-May-20,121,347,0,3,2,57
24-May-20,46,393,0,3,1,58
25-May-20,156,549,0,3,5,63
26-May-20,134,683,0,3,0,63
27-May-20,101,784,0,3,25,88
28-May-20,97,881,0,3,16,104
29-May-20,177,1058,0,3,22,126
30-May-20,159,1217,0,3,38,164
31-May-20,123,1340,0,3,22,186
01-Jun-20,146,1486,0,3,99,285
02-Jun-20,74,1560,0,3,53,338
03-Jun-20,271,1831,0,3,76,414
04-Jun-20,285,2116,0,3,46,460
05-Jun-20,128,2244,0,3,50,510
06-Jun-20,230,2474,0,3,79,589
07-Jun-20,208,2682,0,3,48,637
08-Jun-20,154,2836,0,3,148,785
09-Jun-20,215,3051,1,4,312,1097
10-Jun-20,235,3286,1,5,152,1249
11-Jun-20,145,3431,0,5,184,1433
12-Jun-20,263,3694,2,7,152,1585
13-Jun-20,207,3901,0,7,221,1806
14-Jun-20,218,4119,0,7,155,1961
15-Jun-20,191,4310,0,7,245,2206
16-Jun-20,201,4511,0,7,206,2412
17-Jun-20,184,4695,0,7,231,2643
18-Jun-20,209,4904,1,8,206,2849
19-Jun-20,0,4904,0,8,218,3067
20-Jun-20,249,5153,0,8,136,3203
21-Jun-20,332,5485,0,8,202,3405
22-Jun-20,267,5752,0,8,161,3566
23-Jun-20,203,5955,0,8,197,3763
24-Jun-20,226,6181,0,8,196,3959
25-Jun-20,364,6545,0,8,75,4034
26-Jun-20,273,6818,0,8,214,4248
27-Jun-20,246,7064,1,9,567,4815
28-Jun-20,327,7391,1,10,274,5089
29-Jun-20,302,7693,0,10,245,5334
30-Jun-20,613,8306,1,11,314,5648
01-Jul-20,548,8854,0,11,184,5832
02-Jul-20,479,9333,2,13,275,6107
03-Jul-20,365,9698,0,13,221,6328
04-Jul-20,1202,10900,0,13,416,6744
05-Jul-20,735,11635,0,13,690,7434
06-Jul-20,786,12421,0,13,508,7942
07-Jul-20,814,13235,2,15,388,8330
08-Jul-20,696,13931,6,21,397,8727
09-Jul-20,568,14499,5,26,421,9148
10-Jul-20,936,15435,8,34,701,9849
11-Jul-20,535,15970,2,36,578,10427
12-Jul-20,735,16705,4,40,468,10895
13-Jul-20,1001,17706,4,44,522,11417
14-Jul-20,859,18565,6,50,757,12174
15-Jul-20,1088,19653,2,52,715,12889
16-Jul-20,892,20545,2,54,666,13555
17-Jul-20,1218,21763,1,55,551,14106
18-Jul-20,1117,22880,2,57,1060,15166
19-Jul-20,1018,23898,4,61,858,16024
20-Jul-20,1093,24991,1,62,1072,17096
21-Jul-20,1680,26671,6,68,938,18034
22-Jul-20,972,27643,2,70,1317,19351
23-Jul-20,1047,28690,4,74,1349,20700
24-Jul-20,1130,29820,6,80,1062,21762
25-Jul-20,1165,30985,1,81,1294,23056
26-Jul-20,1142,32127,2,83,985,24041
27-Jul-20,1348,33475,7,90,1362,25403
28-Jul-20,1371,34846,2,92,1216,26619
29-Jul-20,1348,36194,4,96,1214,27833
30-Jul-20,2112,38306,2,98,1248,29081
31-Jul-20,1862,40168,4,102,1277,30358
01-Aug-20,1457,41625,3,105,1085,31443
02-Aug-20,1178,42803,4,109,942,32385
03-Aug-20,2371,45174,4,113,1044,33429
04-Aug-20,2886,48060,6,119,993,34422
05-Aug-20,2284,50344,6,125,1471,35893
06-Aug-20,2372,52716,5,130,1332,37225
07-Aug-20,2679,55395,6,136,1585,38810
08-Aug-20,2218,57613,8,144,1782,40592
09-Aug-20,1123,58736,5,149,1734,42326
10-Aug-20,2900,61636,6,155,1261,43587
11-Aug-20,2669,64305,4,159,1487,45074
12-Aug-20,4593,68898,6,165,2136,47210
13-Aug-20,2796,71694,8,173,2174,49384
14-Aug-20,2706,74400,6,179,2310,51694
15-Aug-20,1057,75457,7,186,1593,53287
16-Aug-20,1317,76774,7,193,1929,55216
17-Aug-20,2792,79566,8,201,1519,56735
18-Aug-20,2534,82100,6,207,1560,58295
19-Aug-20,2116,84216,10,217,2054,60349
20-Aug-20,1735,85951,8,225,2772,63121
21-Aug-20,1856,87807,6,231,2476,65597
22-Aug-20,1560,89367,7,238,2045,67642
23-Aug-20,1272,90639,8,246,3259,70901
24-Aug-20,1879,92518,10,256,2190,73091
25-Aug-20,1973,94491,8,264,1724,74815
26-Aug-20,2179,96670,14,278,2148,76963
27-Aug-20,2036,98706,4,282,2345,79308
28-Aug-20,2560,101266,8,290,1763,81071
29-Aug-20,2427,103693,3,293,1440,82511
30-Aug-20,1980,105673,7,300,1417,83928
31-Aug-20,3266,108939,10,310,1531,85459
01-Sep-20,2684,111623,9,319,1434,86893
02-Sep-20,3555,115178,8,327,1834,88727
03-Sep-20,3054,118232,7,334,1971,90698
04-Sep-20,2891,121123,15,349,2020,92718
05-Sep-20,2698,123821,7,356,2343,95061
06-Sep-20,1537,125358,8,364,1763,96824
07-Sep-20,2785,128143,10,374,2250,99074
08-Sep-20,2578,130721,8,382,2166,101240
09-Sep-20,2243,132964,18,400,2265,103505
10-Sep-20,2739,135703,18,418,2197,105702
11-Sep-20,2534,138237,16,434,2628,108330
12-Sep-20,2132,140369,23,457,2553,110883
13-Sep-20,1292,141661,0,457,2251,113134
14-Sep-20,2403,144064,13,470,1918,115052
15-Sep-20,2409,146473,10,480,1848,116900
