Date,New Cases,Total Cases,Daily Dead,Total Dead,Daily Recovered,Total Recovered
14-Mar-20,0,0,0,0,0,0
15-Mar-20,0,0,0,0,0,0
16-Mar-20,0,0,0,0,0,0
17-Mar-20,0,0,0,0,0,0
18-Mar-20,0,0,0,0,0,0
19-Mar-20,0,0,0,0,0,0
20-Mar-20,0,0,0,0,0,0
21-Mar-20,0,0,0,0,0,0
22-Mar-20,2,2,1,1,0,0
23-Mar-20,1,3,0,1,0,0
24-Mar-20,0,3,0,1,0,0
25-Mar-20,1,4,0,1,0,0
26-Mar-20,3,7,0,1,0,0
27-Mar-20,2,9,0,1,0,0
28-Mar-20,2,11,0,1,0,0
29-Mar-20,4,15,0,1,0,0
30-Mar-20,0,15,0,1,0,0
31-Mar-20,6,21,0,1,0,0
01-Apr-20,3,24,0,1,0,0
02-Apr-20,5,29,0,1,3,3
03-Apr-20,2,31,0,1,0,3
04-Apr-20,1,32,0,1,0,3
05-Apr-20,0,32,0,1,0,3
06-Apr-20,0,32,0,1,6,9
07-Apr-20,6,38,0,1,6,15
08-Apr-20,1,39,0,1,0,15
09-Apr-20,19,58,0,1,0,15
10-Apr-20,2,60,0,1,0,15
11-Apr-20,4,64,0,1,0,15
12-Apr-20,0,64,0,1,11,26
13-Apr-20,2,66,0,1,2,28
14-Apr-20,0,66,0,1,1,29
15-Apr-20,6,72,0,1,0,29
16-Apr-20,11,83,0,1,8,37
17-Apr-20,2,85,0,1,0,37
18-Apr-20,1,86,1,2,5,42
19-Apr-20,10,96,0,2,0,42
20-Apr-20,17,113,0,2,0,42
21-Apr-20,13,126,0,2,0,42
22-Apr-20,17,143,0,2,0,42
23-Apr-20,27,170,0,2,2,44
24-Apr-20,53,223,0,2,0,44
25-Apr-20,28,251,0,2,1,45
26-Apr-20,26,277,0,2,11,56
27-Apr-20,69,346,0,2,0,56
28-Apr-20,20,366,0,2,8,64
29-Apr-20,37,403,0,2,0,64
30-Apr-20,22,425,0,2,20,84
01-May-20,41,466,1,3,14,98
02-May-20,15,481,1,4,19,117
03-May-20,36,517,0,4,7,124
04-May-20,11,528,0,4,3,127
05-May-20,7,535,0,4,31,158
06-May-20,7,542,0,4,0,158
07-May-20,8,550,1,5,60,218
08-May-20,29,579,0,5,49,267
09-May-20,32,611,0,5,51,318
10-May-20,96,707,1,6,36,354
11-May-20,42,749,0,6,23,377
12-May-20,130,879,0,6,5,382
13-May-20,74,953,1,7,18,400
14-May-20,46,999,0,7,12,412
15-May-20,34,1033,0,7,28,440
16-May-20,145,1178,1,8,33,473
17-May-20,142,1320,0,8,0,473
18-May-20,103,1423,1,9,44,517
19-May-20,96,1519,0,9,0,517
20-May-20,257,1776,0,9,54,571
21-May-20,211,1987,0,9,0,571
22-May-20,179,2166,2,11,58,629
23-May-20,228,2394,0,11,24,653
24-May-20,180,2574,0,11,49,702
25-May-20,163,2737,2,13,31,733
26-May-20,231,2968,1,14,67,800
27-May-20,68,3036,1,15,118,918
28-May-20,149,3185,0,15,132,1050
29-May-20,174,3359,0,15,159,1209
30-May-20,206,3565,6,21,102,1311
31-May-20,242,3807,2,23,209,1520
01-Jun-20,138,3945,0,23,221,1741
02-Jun-20,151,4096,1,24,62,1803
03-Jun-20,230,4326,1,25,222,2025
04-Jun-20,126,4452,3,28,95,2120
05-Jun-20,146,4598,1,29,113,2233
06-Jun-20,233,4831,0,29,65,2298
07-Jun-20,239,5070,1,30,107,2405
08-Jun-20,177,5247,1,31,137,2542
09-Jun-20,208,5455,2,33,228,2770
10-Jun-20,243,5698,1,34,164,2934
11-Jun-20,250,5948,0,34,152,3086
12-Jun-20,148,6096,1,35,230,3316
13-Jun-20,193,6289,0,35,370,3686
14-Jun-20,186,6475,1,36,289,3975
15-Jun-20,187,6662,2,38,251,4226
16-Jun-20,148,6810,1,39,345,4571
17-Jun-20,130,6940,0,39,205,4776
18-Jun-20,100,7040,5,44,185,4961
19-Jun-20,250,7290,5,49,137,5098
20-Jun-20,213,7503,0,49,269,5367
21-Jun-20,162,7665,2,51,264,5631
22-Jun-20,228,7893,1,52,136,5767
23-Jun-20,157,8050,2,54,260,6027
24-Jun-20,223,8273,1,55,79,6106
25-Jun-20,215,8488,1,56,374,6480
26-Jun-20,190,8678,0,56,189,6669
27-Jun-20,302,8980,2,58,261,6930
28-Jun-20,244,9224,4,62,226,7156
29-Jun-20,394,9618,1,63,218,7374
30-Jun-20,370,9988,5,68,170,7544
01-Jul-20,216,10204,5,73,267,7811
02-Jul-20,478,10682,5,78,183,7994
03-Jul-20,426,11108,6,84,217,8211
04-Jul-20,349,11457,4,88,277,8488
05-Jul-20,403,11860,2,90,277,8765
06-Jul-20,280,12140,7,97,249,9014
07-Jul-20,385,12525,1,98,324,9338
08-Jul-20,749,13274,2,100,203,9541
09-Jul-20,704,13978,9,109,251,9792
10-Jul-20,352,14330,2,111,459,10251
11-Jul-20,709,15039,7,118,740,10991
12-Jul-20,1266,16305,7,125,962,11953
13-Jul-20,1116,17421,9,134,411,12364
14-Jul-20,1432,18853,9,143,655,13019
15-Jul-20,1320,20173,14,157,514,13533
16-Jul-20,1385,21558,10,167,568,14101
17-Jul-20,1742,23300,6,173,896,14997
18-Jul-20,1667,24967,4,177,774,15771
19-Jul-20,1412,26379,2,179,826,16597
20-Jul-20,1076,27455,8,187,938,17535
21-Jul-20,1109,28564,11,198,1206,18741
22-Jul-20,1502,30066,10,208,1135,19876
23-Jul-20,1625,31691,4,212,1083,20959
24-Jul-20,1820,33511,9,221,1873,22832
25-Jul-20,2803,36314,11,232,1688,24520
26-Jul-20,2605,38919,17,249,1788,26308
27-Jul-20,2192,41111,6,255,1536,27844
28-Jul-20,2480,43591,14,269,1376,29220
29-Jul-20,2328,45919,4,273,1284,30504
30-Jul-20,2082,48001,12,285,1169,31673
31-Jul-20,2986,50987,13,298,1977,33650
01-Aug-20,3521,54508,14,312,1823,35473
02-Aug-20,2762,57270,10,322,1164,36637
03-Aug-20,2297,59567,14,336,1871,38508
04-Aug-20,2464,62031,13,349,2252,40760
05-Aug-20,2701,64732,20,369,1610,42370
06-Aug-20,3416,68148,19,388,1450,43820
07-Aug-20,3646,71794,12,400,2445,46265
08-Aug-20,3992,75786,19,419,2408,48673
09-Aug-20,3934,79720,10,429,2642,51315
10-Aug-20,3021,82741,21,450,2824,54139
11-Aug-20,4071,86812,15,465,2900,57039
12-Aug-20,3741,90553,9,474,3029,60068
13-Aug-20,3906,94459,10,484,2439,62507
14-Aug-20,3911,98370,16,500,2800,65307
15-Aug-20,3536,101906,15,515,3368,68675
16-Aug-20,2187,104093,22,537,3891,72566
17-Aug-20,2525,106618,5,542,4140,76706
18-Aug-20,3257,109875,16,558,4034,80740
19-Aug-20,2884,112759,10,568,3838,84578
20-Aug-20,2451,115210,6,574,3585,88163
21-Aug-20,2461,117671,14,588,3678,91841
22-Aug-20,2238,119909,13,601,3531,95372
23-Aug-20,2247,122156,9,610,3082,98454
24-Aug-20,1227,123383,17,627,2908,101362
25-Aug-20,1444,124827,17,644,3169,104531
26-Aug-20,2163,126990,9,653,2234,106765
27-Aug-20,1860,128850,9,662,2931,109696
28-Aug-20,1998,130848,12,674,2749,112445
29-Aug-20,2087,132935,5,679,2629,115074
30-Aug-20,2078,135013,9,688,2231,117305
31-Aug-20,1324,136337,6,694,2267,119572
01-Sep-20,1928,138265,15,709,2029,121601
02-Sep-20,1969,140234,13,722,1803,123404
03-Sep-20,1922,142156,6,728,1572,124976
04-Sep-20,1978,144134,13,741,1435,126411
05-Sep-20,1727,145861,9,750,1965,128376
06-Sep-20,1797,147658,4,754,1924,130300
07-Sep-20,1369,149027,7,761,1845,132145
08-Sep-20,1667,150694,4,765,1944,134089
09-Sep-20,1498,152192,10,775,1702,135791
10-Sep-20,1543,153735,10,785,1480,137271
11-Sep-20,1710,155445,12,797,2187,139458
12-Sep-20,1421,156866,11,808,1700,141158
13-Sep-20,1523,158389,14,822,1895,143053
14-Sep-20,1137,159526,9,831,1966,145019
15-Sep-20,1575,161101,5,836,1514,146533
