Date,New Cases,Total Cases,Daily Dead,Total Dead,Daily Recovered,Total Recovered
14-Mar-20,0,0,0,0,0,0
15-Mar-20,0,0,0,0,0,0
16-Mar-20,0,0,0,0,0,0
17-Mar-20,0,0,0,0,0,0
18-Mar-20,0,0,0,0,0,0
19-Mar-20,1,1,0,0,0,0
20-Mar-20,4,5,0,0,0,0
21-Mar-20,0,5,0,0,0,0
22-Mar-20,1,6,0,0,0,0
23-Mar-20,1,7,0,0,0,0
24-Mar-20,0,7,0,0,0,0
25-Mar-20,0,7,0,0,0,0
26-Mar-20,0,7,0,0,0,0
27-Mar-20,1,8,0,0,0,0
28-Mar-20,0,8,0,0,0,0
29-Mar-20,0,8,0,0,0,0
30-Mar-20,5,13,0,0,0,0
31-Mar-20,2,15,0,0,0,0
01-Apr-20,2,17,0,0,0,0
02-Apr-20,1,18,0,0,0,0
03-Apr-20,0,18,0,0,0,0
04-Apr-20,0,18,0,0,3,3
05-Apr-20,0,18,0,0,2,5
06-Apr-20,0,18,0,0,0,5
07-Apr-20,0,18,0,0,2,7
08-Apr-20,0,18,0,0,0,7
09-Apr-20,0,18,0,0,0,7
10-Apr-20,1,19,0,0,0,7
11-Apr-20,0,19,0,0,0,7
12-Apr-20,2,21,0,0,0,7
13-Apr-20,0,21,0,0,0,7
14-Apr-20,0,21,0,0,0,7
15-Apr-20,0,21,0,0,2,9
16-Apr-20,0,21,0,0,0,9
17-Apr-20,0,21,0,0,0,9
18-Apr-20,2,23,0,0,0,9
19-Apr-20,3,26,0,0,4,13
20-Apr-20,0,26,0,0,1,14
21-Apr-20,1,27,0,0,0,14
22-Apr-20,0,27,0,0,0,14
23-Apr-20,0,27,0,0,0,14
24-Apr-20,0,27,0,0,1,15
25-Apr-20,1,28,0,0,0,15
26-Apr-20,8,36,0,0,2,17
27-Apr-20,9,45,0,0,0,17
28-Apr-20,11,56,0,0,0,17
29-Apr-20,12,68,0,0,0,17
30-Apr-20,6,74,0,0,1,18
01-May-20,14,88,0,0,0,18
02-May-20,6,94,0,0,1,19
03-May-20,3,97,1,1,0,19
04-May-20,5,102,0,1,2,21
05-May-20,17,119,0,1,0,21
06-May-20,5,124,0,1,0,21
07-May-20,11,135,0,1,0,21
08-May-20,11,146,1,2,0,21
09-May-20,23,169,0,2,3,24
10-May-20,4,173,1,3,0,24
11-May-20,8,181,0,3,4,28
12-May-20,6,187,0,3,2,30
13-May-20,4,191,0,3,0,30
14-May-20,0,191,0,3,7,37
15-May-20,0,191,0,3,3,40
16-May-20,0,191,0,3,11,51
17-May-20,0,191,0,3,0,51
18-May-20,5,196,0,3,3,54
19-May-20,3,199,0,3,3,57
20-May-20,3,202,0,3,79,136
21-May-20,16,218,0,3,42,178
22-May-20,1,219,0,3,0,178
23-May-20,6,225,0,3,1,179
24-May-20,37,262,1,4,0,179
25-May-20,4,266,0,4,8,187
26-May-20,12,278,0,4,0,187
27-May-20,1,279,0,4,0,187
28-May-20,10,289,0,4,2,189
29-May-20,0,289,0,4,0,189
30-May-20,0,289,0,4,10,199
31-May-20,4,293,0,4,0,199
01-Jun-20,4,297,0,4,15,214
02-Jun-20,4,301,1,5,0,214
03-Jun-20,0,301,0,5,0,214
04-Jun-20,1,302,0,5,8,222
05-Jun-20,7,309,0,5,51,273
06-Jun-20,3,312,0,5,0,273
07-Jun-20,2,314,0,5,1,274
08-Jun-20,6,320,0,5,11,285
09-Jun-20,6,326,0,5,0,285
10-Jun-20,2,328,0,5,4,289
11-Jun-20,4,332,0,5,4,293
12-Jun-20,13,345,0,5,2,295
13-Jun-20,5,350,0,5,0,295
14-Jun-20,2,352,0,5,0,295
15-Jun-20,5,357,1,6,6,301
16-Jun-20,8,365,0,6,1,302
17-Jun-20,5,370,0,6,4,306
18-Jun-20,4,374,0,6,0,306
19-Jun-20,7,381,0,6,9,315
20-Jun-20,23,404,0,6,1,316
21-Jun-20,2,406,0,6,0,316
22-Jun-20,5,411,0,6,6,322
23-Jun-20,7,418,0,6,0,322
24-Jun-20,2,420,0,6,0,322
25-Jun-20,3,423,0,6,7,329
26-Jun-20,2,425,0,6,6,335
27-Jun-20,3,428,0,6,0,335
28-Jun-20,3,431,0,6,1,336
29-Jun-20,3,434,0,6,13,349
30-Jun-20,6,440,0,6,15,364
01-Jul-20,6,446,0,6,3,367
02-Jul-20,4,450,0,6,22,389
03-Jul-20,4,454,0,6,4,393
04-Jul-20,5,459,0,6,2,395
05-Jul-20,7,466,0,6,0,395
06-Jul-20,21,487,0,6,6,401
07-Jul-20,5,492,1,7,0,401
08-Jul-20,15,507,0,7,1,402
09-Jul-20,16,523,0,7,1,403
10-Jul-20,13,536,0,7,5,408
11-Jul-20,13,549,1,8,5,413
12-Jul-20,10,559,0,8,4,417
13-Jul-20,29,588,0,8,6,423
14-Jul-20,12,600,2,10,23,446
15-Jul-20,19,619,1,11,13,459
16-Jul-20,16,635,0,11,17,476
17-Jul-20,25,660,0,11,4,480
18-Jul-20,31,691,1,12,5,485
19-Jul-20,26,717,0,12,3,488
20-Jul-20,20,737,0,12,30,518
21-Jul-20,14,751,0,12,0,518
22-Jul-20,29,780,1,13,8,526
23-Jul-20,20,800,0,13,5,531
24-Jul-20,23,823,0,13,4,535
25-Jul-20,29,852,0,13,20,555
26-Jul-20,35,887,0,13,17,572
27-Jul-20,23,910,1,14,3,575
28-Jul-20,24,934,0,14,24,599
29-Jul-20,44,978,0,14,12,611
30-Jul-20,38,1016,0,14,36,647
31-Jul-20,35,1051,1,15,20,667
01-Aug-20,28,1079,3,18,16,683
02-Aug-20,38,1117,1,19,15,698
03-Aug-20,43,1160,0,19,8,706
04-Aug-20,46,1206,1,20,9,715
05-Aug-20,64,1270,0,20,0,715
06-Aug-20,57,1327,0,20,62,777
07-Aug-20,47,1374,3,23,43,820
08-Aug-20,52,1426,1,24,52,872
09-Aug-20,89,1515,1,25,32,904
10-Aug-20,80,1595,0,25,100,1004
11-Aug-20,75,1670,1,26,11,1015
12-Aug-20,81,1751,1,27,8,1023
13-Aug-20,91,1842,1,28,53,1076
14-Aug-20,86,1928,0,28,15,1091
15-Aug-20,81,2009,0,28,27,1118
16-Aug-20,93,2102,1,29,19,1137
17-Aug-20,114,2216,1,30,46,1183
18-Aug-20,89,2305,0,30,60,1243
19-Aug-20,91,2396,1,31,108,1351
20-Aug-20,119,2515,0,31,39,1390
21-Aug-20,116,2631,2,33,36,1426
22-Aug-20,145,2776,0,33,45,1471
23-Aug-20,142,2918,4,37,21,1492
24-Aug-20,117,3035,0,37,154,1646
25-Aug-20,174,3209,3,40,67,1713
26-Aug-20,167,3376,1,41,87,1800
27-Aug-20,188,3564,2,43,177,1977
28-Aug-20,160,3724,2,45,130,2107
29-Aug-20,261,3985,0,45,141,2248
30-Aug-20,170,4155,7,52,48,2296
31-Aug-20,191,4346,4,56,135,2431
01-Sep-20,204,4550,1,57,120,2551
02-Sep-20,239,4789,2,59,119,2670
03-Sep-20,276,5065,4,63,213,2883
04-Sep-20,203,5268,5,68,222,3105
05-Sep-20,234,5502,1,69,185,3290
06-Sep-20,261,5763,2,71,149,3439
07-Sep-20,232,5995,3,74,295,3734
08-Sep-20,377,6372,1,75,226,3960
09-Sep-20,332,6704,2,77,180,4140
10-Sep-20,283,6987,3,80,191,4331
11-Sep-20,305,7292,3,83,269,4600
12-Sep-20,250,7542,6,89,264,4864
13-Sep-20,449,7991,1,90,306,5170
14-Sep-20,254,8245,5,95,130,5300
15-Sep-20,347,8592,1,96,202,5502
