Date,New Cases,Total Cases,Daily Dead,Total Dead,Daily Recovered,Total Recovered
14-Mar-20,0,0,0,0,0,0
15-Mar-20,0,0,0,0,0,0
16-Mar-20,0,0,0,0,0,0
17-Mar-20,0,0,0,0,0,0
18-Mar-20,0,0,0,0,0,0
19-Mar-20,1,1,0,0,0,0
20-Mar-20,0,1,0,0,0,0
21-Mar-20,0,1,0,0,0,0
22-Mar-20,0,1,0,0,0,0
23-Mar-20,0,1,0,0,0,0
24-Mar-20,0,1,0,0,0,0
25-Mar-20,2,3,0,0,0,0
26-Mar-20,3,6,0,0,0,0
27-Mar-20,0,6,0,0,0,0
28-Mar-20,1,7,0,0,0,0
29-Mar-20,0,7,0,0,0,0
30-Mar-20,1,8,0,0,0,0
31-Mar-20,1,9,0,0,2,2
01-Apr-20,0,9,0,0,0,2
02-Apr-20,0,9,0,0,1,3
03-Apr-20,0,9,0,0,0,3
04-Apr-20,1,10,0,0,0,3
05-Apr-20,0,10,0,0,5,8
06-Apr-20,0,10,0,0,0,8
07-Apr-20,0,10,0,0,1,9
08-Apr-20,0,10,0,0,0,9
09-Apr-20,8,18,0,0,0,9
10-Apr-20,0,18,0,0,0,9
11-Apr-20,7,25,0,0,0,9
12-Apr-20,6,31,0,0,1,10
13-Apr-20,0,31,0,0,0,10
14-Apr-20,2,33,0,0,3,13
15-Apr-20,0,33,0,0,4,17
16-Apr-20,3,36,0,0,6,23
17-Apr-20,0,36,0,0,1,24
18-Apr-20,0,36,0,0,1,25
19-Apr-20,0,36,0,0,0,25
20-Apr-20,0,36,0,0,0,25
21-Apr-20,0,36,0,0,0,25
22-Apr-20,0,36,0,0,3,28
23-Apr-20,0,36,0,0,2,30
24-Apr-20,0,36,0,0,0,30
25-Apr-20,1,37,0,0,2,32
26-Apr-20,0,37,0,0,0,32
27-Apr-20,0,37,0,0,0,32
28-Apr-20,1,38,0,0,2,34
29-Apr-20,0,38,0,0,0,34
30-Apr-20,2,40,0,0,2,36
01-May-20,3,43,0,0,0,36
02-May-20,0,43,0,0,0,36
03-May-20,14,57,0,0,0,36
04-May-20,1,58,0,0,0,36
05-May-20,1,59,0,0,0,36
06-May-20,0,59,0,0,0,36
07-May-20,0,59,0,0,0,36
08-May-20,0,59,0,0,2,38
09-May-20,0,59,0,0,5,43
10-May-20,0,59,0,0,6,49
11-May-20,0,59,0,0,4,53
12-May-20,0,59,0,0,1,54
13-May-20,0,59,0,0,1,55
14-May-20,1,60,0,0,1,56
15-May-20,6,66,0,0,0,56
16-May-20,1,67,0,0,2,58
17-May-20,18,85,0,0,1,59
18-May-20,10,95,0,0,0,59
19-May-20,5,100,0,0,0,59
20-May-20,14,114,0,0,0,59
21-May-20,14,128,0,0,0,59
22-May-20,44,172,0,0,3,62
23-May-20,42,214,0,0,2,64
24-May-20,38,252,0,0,0,64
25-May-20,40,292,0,0,3,67
26-May-20,68,360,0,0,12,79
27-May-20,4,364,0,0,4,83
28-May-20,34,398,0,0,0,83
29-May-20,17,415,1,1,17,100
30-May-20,32,447,0,1,2,102
31-May-20,51,498,0,1,12,114
01-Jun-20,49,547,0,1,7,121
02-Jun-20,15,562,1,2,9,130
03-Jun-20,64,626,0,2,40,170
04-Jun-20,147,773,0,2,36,206
05-Jun-20,90,863,0,2,25,231
06-Jun-20,60,923,2,4,28,259
07-Jun-20,150,1073,0,4,7,266
08-Jun-20,124,1197,0,4,69,335
09-Jun-20,14,1211,1,5,12,347
10-Jun-20,51,1262,1,6,4,351
11-Jun-20,136,1398,0,6,70,421
12-Jun-20,47,1445,0,6,123,544
13-Jun-20,105,1550,0,6,87,631
14-Jun-20,121,1671,3,9,88,719
15-Jun-20,44,1715,0,9,124,843
16-Jun-20,69,1784,0,9,91,934
17-Jun-20,80,1864,0,9,165,1099
18-Jun-20,82,1946,0,9,103,1202
19-Jun-20,72,2018,1,10,103,1305
20-Jun-20,116,2134,1,11,63,1368
21-Jun-20,121,2255,0,11,53,1421
22-Jun-20,47,2302,1,12,66,1487
23-Jun-20,83,2385,0,12,40,1527
24-Jun-20,34,2419,0,12,74,1601
25-Jun-20,37,2456,0,12,128,1729
26-Jun-20,89,2545,1,13,156,1885
27-Jun-20,65,2610,0,13,52,1937
28-Jun-20,84,2694,0,13,125,2062
29-Jun-20,101,2795,0,13,88,2150
30-Jun-20,63,2858,0,13,100,2250
01-Jul-20,82,2940,1,14,53,2303
02-Jul-20,73,3013,0,14,59,2362
03-Jul-20,52,3065,0,14,52,2414
04-Jul-20,96,3161,0,14,112,2526
05-Jul-20,46,3207,0,14,52,2578
06-Jul-20,98,3305,0,14,66,2644
07-Jul-20,110,3415,0,14,84,2728
08-Jul-20,111,3526,0,14,107,2835
09-Jul-20,140,3666,1,15,68,2903
10-Jul-20,166,3832,2,17,125,3028
11-Jul-20,65,3897,0,17,42,3070
12-Jul-20,184,4081,2,19,83,3153
13-Jul-20,184,4265,0,19,49,3202
14-Jul-20,114,4379,1,20,73,3275
15-Jul-20,177,4556,0,20,49,3324
16-Jul-20,198,4754,1,21,127,3451
17-Jul-20,249,5003,3,24,61,3512
18-Jul-20,243,5246,0,24,146,3658
19-Jul-20,161,5407,0,24,117,3775
20-Jul-20,191,5598,4,28,169,3944
21-Jul-20,133,5731,1,29,170,4114
22-Jul-20,268,5999,0,29,116,4230
23-Jul-20,371,6370,5,34,157,4387
24-Jul-20,449,6819,2,36,180,4567
25-Jul-20,363,7182,3,39,116,4683
26-Jul-20,431,7613,4,43,261,4944
27-Jul-20,367,7980,2,45,228,5172
28-Jul-20,306,8286,1,46,267,5439
29-Jul-20,314,8600,4,50,197,5636
30-Jul-20,256,8856,1,51,285,5921
31-Jul-20,336,9192,3,54,309,6230
01-Aug-20,235,9427,1,55,380,6610
02-Aug-20,181,9608,3,58,381,6991
03-Aug-20,212,9820,3,61,265,7256
04-Aug-20,382,10202,8,69,357,7613
05-Aug-20,295,10497,2,71,258,7871
06-Aug-20,523,11020,6,77,217,8088
07-Aug-20,388,11408,10,87,231,8319
08-Aug-20,447,11855,3,90,263,8582
09-Aug-20,293,12148,6,96,227,8809
10-Aug-20,477,12625,3,99,208,9017
11-Aug-20,360,12985,5,104,222,9239
12-Aug-20,567,13552,5,109,269,9508
13-Aug-20,478,14030,8,117,150,9658
14-Aug-20,529,14559,13,130,199,9857
15-Aug-20,486,15045,4,134,189,10046
16-Aug-20,576,15621,8,142,189,10235
17-Aug-20,404,16025,8,150,363,10598
18-Aug-20,808,16833,8,158,249,10847
19-Aug-20,752,17585,6,164,338,11185
20-Aug-20,1052,18637,8,172,554,11739
21-Aug-20,873,19510,8,180,283,12022
22-Aug-20,704,20214,10,190,372,12394
23-Aug-20,704,20918,7,197,537,12931
24-Aug-20,1136,22054,9,206,493,13424
25-Aug-20,1287,23341,15,221,308,13732
26-Aug-20,1209,24550,10,231,413,14145
27-Aug-20,1438,25988,14,245,462,14607
28-Aug-20,1245,27233,6,251,502,15109
29-Aug-20,1513,28746,11,262,709,15818
30-Aug-20,1346,30092,7,269,485,16303
31-Aug-20,1411,31503,8,277,686,16989
01-Sep-20,1884,33387,10,287,578,17567
02-Sep-20,2296,35683,12,299,653,18220
03-Sep-20,2284,37967,16,315,730,18950
04-Sep-20,2667,40634,22,337,658,19608
05-Sep-20,2529,43163,19,356,879,20487
06-Sep-20,2100,45263,24,380,711,21198
07-Sep-20,2017,47280,15,395,979,22177
08-Sep-20,2834,50114,12,407,615,22792
09-Sep-20,2818,52932,70,477,1146,23938
10-Sep-20,2748,55680,16,493,1917,25855
11-Sep-20,2963,58643,25,518,1268,27123
12-Sep-20,3120,61763,21,539,855,27978
13-Sep-20,2228,63991,16,555,3953,31931
14-Sep-20,3336,67327,18,573,1178,33109
15-Sep-20,3450,70777,15,588,1129,34238
