Date,New Cases,Total Cases,Daily Dead,Total Dead,Daily Recovered,Total Recovered
14-Mar-20,0,0,0,0,0,0
15-Mar-20,0,0,0,0,0,0
16-Mar-20,0,0,0,0,0,0
17-Mar-20,0,0,0,0,0,0
18-Mar-20,0,0,0,0,0,0
19-Mar-20,0,0,0,0,0,0
20-Mar-20,0,0,0,0,0,0
21-Mar-20,0,0,0,0,0,0
22-Mar-20,0,0,0,0,0,0
23-Mar-20,0,0,0,0,0,0
24-Mar-20,0,0,0,0,0,0
25-Mar-20,0,0,0,0,0,0
26-Mar-20,0,0,0,0,0,0
27-Mar-20,0,0,0,0,0,0
28-Mar-20,0,0,0,0,0,0
29-Mar-20,0,0,0,0,0,0
30-Mar-20,0,0,0,0,0,0
31-Mar-20,0,0,0,0,0,0
01-Apr-20,0,0,0,0,0,0
02-Apr-20,0,0,0,0,0,0
03-Apr-20,0,0,0,0,0,0
04-Apr-20,0,0,0,0,0,0
05-Apr-20,0,0,0,0,0,0
06-Apr-20,0,0,0,0,0,0
07-Apr-20,0,0,0,0,0,0
08-Apr-20,0,0,0,0,0,0
09-Apr-20,0,0,0,0,0,0
10-Apr-20,0,0,0,0,0,0
11-Apr-20,0,0,0,0,0,0
12-Apr-20,0,0,0,0,0,0
13-Apr-20,0,0,0,0,0,0
14-Apr-20,0,0,0,0,0,0
15-Apr-20,0,0,0,0,0,0
16-Apr-20,0,0,0,0,0,0
17-Apr-20,0,0,0,0,0,0
18-Apr-20,0,0,0,0,0,0
19-Apr-20,0,0,0,0,0,0
20-Apr-20,0,0,0,0,0,0
21-Apr-20,0,0,0,0,0,0
22-Apr-20,0,0,0,0,0,0
23-Apr-20,0,0,0,0,0,0
24-Apr-20,0,0,0,0,0,0
25-Apr-20,0,0,0,0,0,0
26-Apr-20,0,0,0,0,0,0
27-Apr-20,0,0,0,0,0,0
28-Apr-20,0,0,0,0,0,0
29-Apr-20,0,0,0,0,0,0
30-Apr-20,0,0,0,0,0,0
01-May-20,0,0,0,0,0,0
02-May-20,0,0,0,0,0,0
03-May-20,0,0,0,0,0,0
04-May-20,0,0,0,0,0,0
05-May-20,1,1,0,0,0,0
06-May-20,0,1,0,0,0,0
07-May-20,0,1,0,0,0,0
08-May-20,0,1,0,0,0,0
09-May-20,0,1,0,0,0,0
10-May-20,0,1,0,0,0,0
11-May-20,0,1,0,0,0,0
12-May-20,0,1,0,0,1,1
13-May-20,0,1,0,0,0,1
14-May-20,0,1,0,0,0,1
15-May-20,0,1,0,0,0,1
16-May-20,0,1,0,0,0,1
17-May-20,0,1,0,0,0,1
18-May-20,0,1,0,0,0,1
19-May-20,0,1,0,0,0,1
20-May-20,0,1,0,0,0,1
21-May-20,0,1,0,0,0,1
22-May-20,0,1,0,0,0,1
23-May-20,1,2,0,0,0,1
24-May-20,0,2,0,0,0,1
25-May-20,0,2,0,0,0,1
26-May-20,0,2,0,0,0,1
27-May-20,0,2,0,0,0,1
28-May-20,0,2,0,0,0,1
29-May-20,0,2,0,0,0,1
30-May-20,0,2,0,0,0,1
31-May-20,0,2,0,0,0,1
01-Jun-20,1,3,0,0,0,1
02-Jun-20,0,3,0,0,0,1
03-Jun-20,8,11,0,0,0,1
04-Jun-20,3,14,0,0,0,1
05-Jun-20,0,14,0,0,0,1
06-Jun-20,5,19,0,0,0,1
07-Jun-20,1,20,0,0,1,2
08-Jun-20,2,22,0,0,0,2
09-Jun-20,2,24,0,0,0,2
10-Jun-20,5,29,0,0,0,2
11-Jun-20,1,30,0,0,0,2
12-Jun-20,0,30,0,0,0,2
13-Jun-20,5,35,0,0,0,2
14-Jun-20,4,39,0,0,0,2
15-Jun-20,0,39,0,0,0,2
16-Jun-20,15,54,0,0,7,9
17-Jun-20,5,59,0,0,3,12
18-Jun-20,4,63,0,0,2,14
19-Jun-20,14,77,0,0,0,14
20-Jun-20,17,94,0,0,12,26
21-Jun-20,5,99,0,0,1,27
22-Jun-20,15,114,0,0,0,27
23-Jun-20,9,123,0,0,0,27
24-Jun-20,13,136,0,0,3,30
25-Jun-20,20,156,0,0,8,38
26-Jun-20,15,171,0,0,12,50
27-Jun-20,15,186,0,0,6,56
28-Jun-20,4,190,0,0,13,69
29-Jun-20,15,205,0,0,6,75
30-Jun-20,10,215,0,0,7,82
01-Jul-20,16,231,0,0,27,109
02-Jul-20,25,256,0,0,3,112
03-Jul-20,50,306,0,0,21,133
04-Jul-20,37,343,0,0,9,142
05-Jul-20,32,375,0,0,17,159
06-Jul-20,27,402,0,0,16,175
07-Jul-20,27,429,1,1,10,185
08-Jul-20,15,444,0,1,11,196
09-Jul-20,14,458,0,1,10,206
10-Jul-20,14,472,0,1,19,225
11-Jul-20,14,486,0,1,12,237
12-Jul-20,16,502,0,1,31,268
13-Jul-20,25,527,0,1,42,310
14-Jul-20,16,543,0,1,33,343
15-Jul-20,17,560,1,2,28,371
16-Jul-20,18,578,0,2,21,392
17-Jul-20,32,610,0,2,22,414
18-Jul-20,45,655,0,2,22,436
19-Jul-20,37,692,0,2,14,450
20-Jul-20,21,713,0,2,15,465
21-Jul-20,28,741,0,2,10,475
22-Jul-20,36,777,0,2,15,490
23-Jul-20,45,822,0,2,23,513
24-Jul-20,44,866,0,2,18,531
25-Jul-20,37,903,0,2,13,544
26-Jul-20,49,952,0,2,21,565
27-Jul-20,36,988,0,2,32,597
28-Jul-20,44,1032,0,2,51,648
29-Jul-20,38,1070,0,2,19,667
30-Jul-20,35,1105,0,2,17,684
31-Jul-20,46,1151,0,2,41,725
01-Aug-20,45,1196,0,2,30,755
02-Aug-20,55,1251,0,2,49,804
03-Aug-20,35,1286,0,2,62,866
04-Aug-20,43,1329,0,2,54,920
05-Aug-20,45,1374,0,2,41,961
06-Aug-20,43,1417,0,2,36,997
07-Aug-20,44,1461,0,2,41,1038
08-Aug-20,51,1512,0,2,51,1089
09-Aug-20,45,1557,0,2,28,1117
10-Aug-20,62,1619,0,2,50,1167
11-Aug-20,39,1658,0,2,41,1208
12-Aug-20,39,1697,0,2,35,1243
13-Aug-20,46,1743,0,2,38,1281
14-Aug-20,41,1784,0,2,31,1312
15-Aug-20,64,1848,0,2,72,1384
16-Aug-20,35,1883,0,2,47,1431
17-Aug-20,27,1910,0,2,49,1480
18-Aug-20,51,1961,0,2,39,1519
19-Aug-20,37,1998,0,2,48,1567
20-Aug-20,34,2032,0,2,46,1613
21-Aug-20,53,2085,0,2,39,1652
22-Aug-20,40,2125,0,2,50,1702
23-Aug-20,36,2161,0,2,42,1744
24-Aug-20,18,2179,0,2,39,1783
25-Aug-20,21,2200,0,2,33,1816
26-Aug-20,22,2222,0,2,41,1857
27-Aug-20,42,2264,0,2,56,1913
28-Aug-20,31,2295,0,2,47,1960
29-Aug-20,15,2310,0,2,29,1989
30-Aug-20,32,2342,0,2,53,2042
31-Aug-20,27,2369,0,2,39,2081
01-Sep-20,19,2388,0,2,41,2122
02-Sep-20,44,2432,0,2,17,2139
03-Sep-20,29,2461,0,2,20,2159
04-Sep-20,51,2512,0,2,43,2202
05-Sep-20,21,2533,0,2,28,2230
06-Sep-20,38,2571,0,2,27,2257
07-Sep-20,15,2586,0,2,20,2277
08-Sep-20,27,2613,0,2,32,2309
09-Sep-20,26,2639,0,2,24,2333
10-Sep-20,28,2667,0,2,29,2362
11-Sep-20,25,2692,0,2,39,2401
12-Sep-20,29,2721,0,2,30,2431
13-Sep-20,20,2741,0,2,44,2475
14-Sep-20,22,2763,0,2,28,2503
15-Sep-20,17,2780,0,2,22,2525
