Date,New Cases,Total Cases,Daily Dead,Total Dead,Daily Recovered,Total Recovered
14-Mar-20,0,0,0,0,0,0
15-Mar-20,0,0,0,0,0,0
16-Mar-20,0,0,0,0,0,0
17-Mar-20,0,0,0,0,0,0
18-Mar-20,0,0,0,0,0,0
19-Mar-20,0,0,0,0,0,0
20-Mar-20,0,0,0,0,0,0
21-Mar-20,0,0,0,0,0,0
22-Mar-20,0,0,0,0,0,0
23-Mar-20,0,0,0,0,0,0
24-Mar-20,0,0,0,0,0,0
25-Mar-20,3,3,0,0,0,0
26-Mar-20,0,3,0,0,0,0
27-Mar-20,0,3,0,0,0,0
28-Mar-20,0,3,0,0,0,0
29-Mar-20,2,5,0,0,0,0
30-Mar-20,0,5,0,0,0,0
31-Mar-20,0,5,0,0,0,0
01-Apr-20,0,5,0,0,0,0
02-Apr-20,0,5,0,0,0,0
03-Apr-20,1,6,0,0,0,0
04-Apr-20,1,7,0,0,0,0
05-Apr-20,0,7,0,0,0,0
06-Apr-20,0,7,0,0,0,0
07-Apr-20,0,7,0,0,0,0
08-Apr-20,0,7,0,0,0,0
09-Apr-20,0,7,0,0,0,0
10-Apr-20,0,7,0,0,1,1
11-Apr-20,0,7,0,0,4,5
12-Apr-20,0,7,0,0,0,5
13-Apr-20,0,7,0,0,0,5
14-Apr-20,0,7,0,0,0,5
15-Apr-20,0,7,0,0,1,6
16-Apr-20,0,7,0,0,0,6
17-Apr-20,0,7,0,0,0,6
18-Apr-20,0,7,0,0,0,6
19-Apr-20,0,7,0,0,1,7
20-Apr-20,0,7,0,0,0,7
21-Apr-20,0,7,0,0,0,7
22-Apr-20,0,7,0,0,0,7
23-Apr-20,0,7,0,0,0,7
24-Apr-20,0,7,0,0,0,7
25-Apr-20,0,7,0,0,0,7
26-Apr-20,0,7,0,0,0,7
27-Apr-20,0,7,0,0,0,7
28-Apr-20,0,7,0,0,0,7
29-Apr-20,0,7,0,0,0,7
30-Apr-20,0,7,0,0,0,7
01-May-20,0,7,0,0,0,7
02-May-20,0,7,0,0,0,7
03-May-20,0,7,0,0,0,7
04-May-20,0,7,0,0,0,7
05-May-20,0,7,0,0,0,7
06-May-20,0,7,0,0,0,7
07-May-20,0,7,0,0,0,7
08-May-20,0,7,0,0,0,7
09-May-20,0,7,0,0,0,7
10-May-20,0,7,0,0,0,7
11-May-20,0,7,0,0,0,7
12-May-20,0,7,0,0,0,7
13-May-20,0,7,0,0,0,7
14-May-20,8,15,0,0,0,7
15-May-20,0,15,0,0,0,7
16-May-20,5,20,0,0,0,7
17-May-20,9,29,0,0,0,7
18-May-20,9,38,0,0,0,7
19-May-20,8,46,0,0,0,7
20-May-20,4,50,0,0,0,7
21-May-20,2,52,0,0,0,7
22-May-20,2,54,0,0,9,16
23-May-20,1,55,0,0,0,16
24-May-20,11,66,0,0,0,16
25-May-20,1,67,0,0,3,19
26-May-20,0,67,0,0,9,28
27-May-20,1,68,0,0,9,37
28-May-20,1,69,0,0,1,38
29-May-20,0,69,0,0,3,41
30-May-20,1,70,0,0,1,42
31-May-20,1,71,0,0,2,44
01-Jun-20,2,73,0,0,6,50
02-Jun-20,6,79,0,0,7,57
03-Jun-20,47,126,0,0,0,57
04-Jun-20,40,166,0,0,0,57
05-Jun-20,30,196,0,0,8,65
06-Jun-20,71,267,0,0,0,65
07-Jun-20,33,300,0,0,0,65
08-Jun-20,30,330,0,0,2,67
09-Jun-20,29,359,0,0,0,67
10-Jun-20,28,387,0,0,0,67
11-Jun-20,30,417,0,0,0,67
12-Jun-20,46,463,0,0,2,69
13-Jun-20,60,523,0,0,1,70
14-Jun-20,41,564,0,0,4,74
15-Jun-20,28,592,0,0,11,85
16-Jun-20,37,629,0,0,0,85
17-Jun-20,27,656,0,0,11,96
18-Jun-20,49,705,0,0,13,109
19-Jun-20,20,725,0,0,9,118
20-Jun-20,29,754,0,0,11,129
21-Jun-20,64,818,0,0,6,135
22-Jun-20,46,864,1,1,17,152
23-Jun-20,45,909,1,2,53,205
24-Jun-20,42,951,0,2,84,289
25-Jun-20,44,995,0,2,46,335
26-Jun-20,44,1039,0,2,35,370
27-Jun-20,89,1128,0,2,50,420
28-Jun-20,70,1198,1,3,58,478
29-Jun-20,53,1251,0,3,46,524
30-Jun-20,64,1315,0,3,72,596
01-Jul-20,72,1387,1,4,74,670
02-Jul-20,95,1482,0,4,64,734
03-Jul-20,94,1576,0,4,38,772
04-Jul-20,108,1684,2,6,53,825
05-Jul-20,77,1761,1,7,111,936
06-Jul-20,52,1813,0,7,125,1061
07-Jul-20,90,1903,1,8,95,1156
08-Jul-20,136,2039,0,8,51,1207
09-Jul-20,112,2151,1,9,66,1273
10-Jul-20,100,2251,0,9,74,1347
11-Jul-20,117,2368,3,12,81,1428
12-Jul-20,85,2453,2,14,59,1487
13-Jul-20,130,2583,3,17,53,1540
14-Jul-20,170,2753,1,18,67,1607
15-Jul-20,198,2951,0,18,67,1674
16-Jul-20,157,3108,1,19,143,1817
17-Jul-20,196,3304,2,21,129,1946
18-Jul-20,180,3484,0,21,92,2038
19-Jul-20,173,3657,1,22,180,2218
20-Jul-20,196,3853,1,23,143,2361
21-Jul-20,174,4027,3,26,88,2449
22-Jul-20,149,4176,2,28,92,2541
23-Jul-20,174,4350,1,29,114,2655
24-Jul-20,190,4540,0,29,210,2865
25-Jul-20,146,4686,4,33,182,3047
26-Jul-20,175,4861,2,35,230,3277
27-Jul-20,258,5119,1,36,133,3410
28-Jul-20,168,5287,0,36,185,3595
29-Jul-20,202,5489,3,39,189,3784
30-Jul-20,215,5704,3,42,221,4005
31-Jul-20,209,5913,3,45,206,4211
01-Aug-20,280,6193,3,48,227,4438
02-Aug-20,337,6530,5,53,230,4668
03-Aug-20,286,6816,3,56,208,4876
04-Aug-20,259,7075,4,60,238,5114
05-Aug-20,348,7423,4,64,173,5287
06-Aug-20,191,7614,2,66,166,5453
07-Aug-20,333,7947,4,70,142,5595
08-Aug-20,259,8206,2,72,207,5802
09-Aug-20,506,8712,3,75,193,5995
10-Aug-20,317,9029,5,80,213,6208
11-Aug-20,415,9444,6,86,272,6480
12-Aug-20,480,9924,3,89,161,6641
13-Aug-20,570,10494,2,91,271,6912
14-Aug-20,476,10970,2,93,245,7157
15-Aug-20,369,11339,5,98,331,7488
16-Aug-20,300,11639,6,104,287,7775
17-Aug-20,355,11994,7,111,283,8058
18-Aug-20,339,12333,5,116,298,8356
19-Aug-20,342,12675,8,124,357,8713
20-Aug-20,424,13099,2,126,350,9063
21-Aug-20,385,13484,9,135,477,9540
22-Aug-20,306,13790,5,140,479,10019
23-Aug-20,209,13999,4,144,453,10472
24-Aug-20,139,14138,4,148,437,10909
25-Aug-20,392,14530,9,157,315,11224
26-Aug-20,497,15027,8,165,287,11511
27-Aug-20,456,15483,6,171,356,11867
28-Aug-20,523,16006,4,175,429,12296
29-Aug-20,547,16553,3,178,433,12729
30-Aug-20,451,17004,5,183,457,13186
31-Aug-20,414,17418,9,192,391,13577
01-Sep-20,588,18006,2,194,273,13850
02-Sep-20,636,18642,10,204,209,14059
03-Sep-20,713,19355,8,212,302,14361
04-Sep-20,508,19863,8,220,386,14747
05-Sep-20,592,20455,9,229,534,15281
06-Sep-20,374,20829,7,236,558,15839
07-Sep-20,344,21173,9,245,588,16427
08-Sep-20,457,21630,11,256,448,16875
09-Sep-20,621,22251,6,262,281,17156
10-Sep-20,639,22890,6,268,436,17592
11-Sep-20,555,23445,8,276,473,18065
12-Sep-20,740,24185,10,286,511,18576
13-Sep-20,407,24592,4,290,553,19129
14-Sep-20,306,24898,14,304,519,19648
15-Sep-20,613,25511,11,315,446,20094
