Date,New Cases,Total Cases,Daily Dead,Total Dead,Daily Recovered,Total Recovered
14-Mar-20,0.0,0,0.0,0,0.0,0
15-Mar-20,0.0,0,0.0,0,0.0,0
16-Mar-20,0.0,0,0.0,0,0.0,0
17-Mar-20,0.0,0,0.0,0,0.0,0
18-Mar-20,0.0,0,0.0,0,0.0,0
19-Mar-20,0.0,0,0.0,0,0.0,0
20-Mar-20,0.0,0,0.0,0,0.0,0
21-Mar-20,1.0,1,0.0,0,0.0,0
22-Mar-20,1.0,2,0.0,0,0.0,0
23-Mar-20,1.0,3,0.0,0,0.0,0
24-Mar-20,3.0,6,0.0,0,0.0,0
25-Mar-20,0.0,6,0.0,0,0.0,0
26-Mar-20,3.0,9,0.0,0,0.0,0
27-Mar-20,0.0,9,0.0,0,0.0,0
28-Mar-20,1.0,10,0.0,0,0.0,0
29-Mar-20,0.0,10,0.0,0,0.0,0
30-Mar-20,0.0,10,0.0,0,0.0,0
31-Mar-20,1.0,11,0.0,0,0.0,0
01-Apr-20,0.0,11,0.0,0,0.0,0
02-Apr-20,0.0,11,0.0,0,0.0,0
03-Apr-20,0.0,11,0.0,0,0.0,0
04-Apr-20,2.0,13,0.0,0,0.0,0
05-Apr-20,0.0,13,0.0,0,0.0,0
06-Apr-20,0.0,13,0.0,0,0.0,0
07-Apr-20,0.0,13,0.0,0,0.0,0
08-Apr-20,0.0,13,0.0,0,0.0,0
09-Apr-20,0.0,13,0.0,0,0.0,0
10-Apr-20,1.0,14,0.0,0,0.0,0
11-Apr-20,1.0,15,0.0,0,0.0,0
12-Apr-20,0.0,15,0.0,0,0.0,0
13-Apr-20,0.0,15,0.0,0,0.0,0
14-Apr-20,1.0,16,0.0,0,0.0,0
15-Apr-20,0.0,16,0.0,0,0.0,0
16-Apr-20,1.0,17,0.0,0,0.0,0
17-Apr-20,0.0,17,0.0,0,0.0,0
18-Apr-20,0.0,17,0.0,0,0.0,0
19-Apr-20,0.0,17,0.0,0,0.0,0
20-Apr-20,0.0,17,0.0,0,0.0,0
21-Apr-20,0.0,17,0.0,0,0.0,0
22-Apr-20,0.0,17,2.0,2,11.0,11
23-Apr-20,1.0,18,0.0,2,0.0,11
24-Apr-20,1.0,19,0.0,2,0.0,11
25-Apr-20,4.0,23,0.0,2,1.0,12
26-Apr-20,2.0,25,0.0,2,0.0,12
27-Apr-20,5.0,30,0.0,2,0.0,12
28-Apr-20,6.0,36,0.0,2,0.0,12
29-Apr-20,2.0,38,0.0,2,0.0,12
30-Apr-20,10.0,48,0.0,2,0.0,12
01-May-20,1.0,49,0.0,2,0.0,12
02-May-20,18.0,67,0.0,2,1.0,13
03-May-20,3.0,70,1.0,3,1.0,14
04-May-20,7.0,77,0.0,3,0.0,14
05-May-20,2.0,79,1.0,4,0.0,14
06-May-20,4.0,83,1.0,5,1.0,15
07-May-20,5.0,88,0.0,5,5.0,20
08-May-20,9.0,97,0.0,5,0.0,20
09-May-20,22.0,119,0.0,5,0.0,20
10-May-20,10.0,129,0.0,5,12.0,32
11-May-20,10.0,139,0.0,5,1.0,33
12-May-20,3.0,142,0.0,5,12.0,45
13-May-20,0.0,142,0.0,5,8.0,53
14-May-20,4.0,146,0.0,5,8.0,61
15-May-20,11.0,157,0.0,5,1.0,62
