Date,New Cases,Total Cases,Daily Dead,Total Dead,Daily Recovered,Total Recovered
14-Mar-20,14,14,0,0,0,0
15-Mar-20,0,14,0,0,0,0
16-Mar-20,0,14,0,0,0,0
17-Mar-20,1,15,0,0,0,0
18-Mar-20,1,16,0,0,0,0
19-Mar-20,1,17,0,0,0,0
20-Mar-20,2,19,0,0,0,0
21-Mar-20,2,21,0,0,0,0
22-Mar-20,0,21,0,0,0,0
23-Mar-20,7,28,0,0,11,11
24-Mar-20,2,30,0,0,0,11
25-Mar-20,1,31,0,0,0,11
26-Mar-20,1,32,0,0,0,11
27-Mar-20,1,33,0,0,0,11
28-Mar-20,2,35,0,0,0,11
29-Mar-20,0,35,0,0,0,11
30-Mar-20,1,36,0,0,6,17
31-Mar-20,7,43,0,0,0,17
01-Apr-20,0,43,0,0,10,27
02-Apr-20,6,49,0,0,0,27
03-Apr-20,9,58,0,0,0,27
04-Apr-20,26,84,0,0,1,28
05-Apr-20,6,90,0,0,0,28
06-Apr-20,20,110,2,2,0,28
07-Apr-20,33,143,0,2,2,30
08-Apr-20,24,167,0,2,1,31
09-Apr-20,3,170,0,2,0,31
10-Apr-20,6,176,0,2,4,35
11-Apr-20,3,179,0,2,0,35
12-Apr-20,16,195,1,3,8,43
13-Apr-20,1,196,0,3,7,50
14-Apr-20,2,198,0,3,4,54
15-Apr-20,6,204,0,3,2,56
16-Apr-20,11,215,0,3,8,64
17-Apr-20,8,223,0,3,21,85
18-Apr-20,9,232,0,3,14,99
19-Apr-20,18,250,0,3,4,103
20-Apr-20,1,251,0,3,37,140
21-Apr-20,4,255,0,3,6,146
22-Apr-20,9,264,0,3,11,157
23-Apr-20,6,270,0,3,12,169
24-Apr-20,5,275,0,3,16,185
25-Apr-20,12,287,0,3,5,190
26-Apr-20,9,296,0,3,8,198
27-Apr-20,5,301,0,3,14,212
28-Apr-20,7,308,0,3,11,223
29-Apr-20,3,311,0,3,1,224
30-Apr-20,28,339,1,4,10,234
01-May-20,18,357,0,4,6,240
02-May-20,19,376,1,5,1,241
03-May-20,66,442,0,5,3,244
04-May-20,75,517,1,6,9,253
05-May-20,31,548,0,6,2,255
06-May-20,46,594,1,7,4,259
07-May-20,31,625,0,7,0,259
08-May-20,22,647,1,8,19,278
09-May-20,28,675,1,9,11,289
10-May-20,28,703,1,10,10,299
11-May-20,27,730,1,11,37,336
12-May-20,50,780,0,11,5,341
13-May-20,13,793,0,11,76,417
14-May-20,25,818,0,11,21,438
15-May-20,36,854,2,13,25,463
16-May-20,33,887,0,13,50,513
17-May-20,23,910,1,14,48,561
18-May-20,18,928,0,14,36,597
19-May-20,36,964,0,14,29,626
20-May-20,29,993,0,14,21,647
21-May-20,37,1030,0,14,33,680
22-May-20,37,1067,2,16,25,705
23-May-20,64,1131,0,16,44,749
24-May-20,53,1184,0,16,15,764
25-May-20,29,1213,0,16,37,801
26-May-20,92,1305,0,16,22,823
27-May-20,76,1381,2,18,14,837
28-May-20,123,1504,1,19,43,880
29-May-20,217,1721,0,19,59,939
30-May-20,202,1923,1,20,31,970
31-May-20,168,2091,0,20,77,1047
01-Jun-20,265,2356,1,21,7,1054
02-Jun-20,296,2652,2,23,14,1068
03-Jun-20,302,2954,0,23,20,1088
04-Jun-20,327,3281,1,24,34,1122
05-Jun-20,316,3597,0,24,86,1208
06-Jun-20,355,3952,0,24,71,1279
07-Jun-20,496,4448,4,28,194,1473
08-Jun-20,406,4854,11,39,226,1699
09-Jun-20,355,5209,6,45,107,1806
10-Jun-20,370,5579,7,52,381,2187
11-Jun-20,389,5968,12,64,73,2260
12-Jun-20,366,6334,6,70,214,2474
13-Jun-20,415,6749,8,78,328,2802
14-Jun-20,459,7208,10,88,200,3002
15-Jun-20,514,7722,12,100,562,3564
16-Jun-20,550,8272,18,118,183,3747
17-Jun-20,560,8832,12,130,204,3951
18-Jun-20,386,9218,4,134,604,4555
19-Jun-20,525,9743,10,144,333,4888
20-Jun-20,480,10223,5,149,239,5127
21-Jun-20,412,10635,11,160,429,5556
22-Jun-20,390,11025,9,169,359,5915
23-Jun-20,495,11520,9,178,582,6497
24-Jun-20,490,12010,10,188,427,6924
25-Jun-20,453,12463,10,198,455,7379
26-Jun-20,421,12884,13,211,636,8015
27-Jun-20,543,13427,7,218,456,8471
28-Jun-20,402,13829,5,223,445,8916
29-Jun-20,381,14210,9,232,585,9501
30-Jun-20,338,14548,4,236,470,9971
01-Jul-20,393,14941,4,240,527,10498
02-Jul-20,568,15509,11,251,520,11018
03-Jul-20,494,16003,4,255,672,11690
04-Jul-20,545,16548,5,260,566,12256
05-Jul-20,457,17005,5,265,687,12943
06-Jul-20,499,17504,11,276,391,13334
07-Jul-20,495,17999,3,279,310,13644
08-Jul-20,691,18690,3,282,461,14105
09-Jul-20,674,19364,5,287,399,14504
10-Jul-20,570,19934,3,290,399,14903
11-Jul-20,648,20582,7,297,490,15393
12-Jul-20,658,21240,4,301,589,15982
13-Jul-20,689,21929,7,308,654,16636
14-Jul-20,699,22628,4,312,453,17089
15-Jul-20,678,23306,7,319,577,17666
16-Jul-20,696,24002,3,322,518,18184
17-Jul-20,795,24797,5,327,533,18717
18-Jul-20,750,25547,17,344,600,19317
19-Jul-20,617,26164,5,349,475,19792
20-Jul-20,694,26858,6,355,433,20225
21-Jul-20,604,27462,9,364,726,20951
22-Jul-20,724,28186,8,372,745,21696
23-Jul-20,789,28975,6,378,552,22248
24-Jul-20,780,29755,4,382,704,22952
25-Jul-20,783,30538,7,389,701,23653
26-Jul-20,794,31332,3,392,730,24383
27-Jul-20,795,32127,5,397,662,25045
28-Jul-20,749,32876,9,406,712,25757
29-Jul-20,755,33631,7,413,662,26419
30-Jul-20,623,34254,4,417,920,27339
31-Jul-20,711,34965,4,421,887,28226
01-Aug-20,793,35758,7,428,853,29079
02-Aug-20,761,36519,5,433,610,29689
03-Aug-20,654,37173,7,440,780,30469
04-Aug-20,623,37796,8,448,756,31225
05-Aug-20,752,38548,7,455,734,31959
06-Aug-20,755,39303,3,458,680,32639
07-Aug-20,751,40054,9,467,804,33443
08-Aug-20,789,40843,7,474,587,34030
09-Aug-20,792,41635,9,483,750,34780
10-Aug-20,794,42429,6,489,711,35491
11-Aug-20,798,43227,11,500,590,36081
12-Aug-20,797,44024,3,503,612,36693
13-Aug-20,793,44817,8,511,792,37485
14-Aug-20,797,45614,7,518,862,38347
15-Aug-20,796,46410,10,528,591,38938
16-Aug-20,743,47153,10,538,662,39600
17-Aug-20,887,48040,12,550,1009,40609
18-Aug-20,896,48936,7,557,688,41297
19-Aug-20,994,49930,10,567,758,42055
20-Aug-20,996,50926,11,578,737,42792
21-Aug-20,1203,52129,7,585,620,43412
22-Aug-20,1161,53290,12,597,600,44012
23-Aug-20,1096,54386,6,603,809,44821
24-Aug-20,1074,55460,10,613,583,45404
25-Aug-20,1148,56608,10,623,1091,46495
26-Aug-20,1397,58005,11,634,1117,47612
27-Aug-20,1293,59298,12,646,1077,48689
28-Aug-20,1298,60596,15,661,1020,49709
29-Aug-20,1391,61987,9,670,1001,50710
30-Aug-20,1295,63282,12,682,909,51619
31-Aug-20,1450,64732,7,689,1052,52671
01-Sep-20,1694,66426,17,706,1163,53834
02-Sep-20,1792,68218,15,721,1040,54874
03-Sep-20,1881,70099,19,740,1014,55888
04-Sep-20,1884,71983,19,759,1282,57170
05-Sep-20,2289,74272,22,781,1409,58579
06-Sep-20,2277,76549,25,806,1471,60050
07-Sep-20,2224,78773,23,829,1560,61610
08-Sep-20,2286,81059,25,854,1704,63314
09-Sep-20,2294,83353,28,882,1828,65142
10-Sep-20,2591,85944,25,907,1562,66704
11-Sep-20,2388,88332,25,932,1820,68524
12-Sep-20,2783,91115,24,956,2188,70712
13-Sep-20,2526,93641,19,975,1874,72586
14-Sep-20,2488,96129,25,1000,2125,74711
15-Sep-20,2493,98622,26,1026,2454,77165
