Date,New Cases,Total Cases,Daily Dead,Total Dead,Daily Recovered,Total Recovered
14-Mar-20,0,0,0,0,0,0
15-Mar-20,0,0,0,0,0,0
16-Mar-20,0,0,0,0,0,0
17-Mar-20,0,0,0,0,0,0
18-Mar-20,0,0,0,0,0,0
19-Mar-20,0,0,0,0,0,0
20-Mar-20,2,2,0,0,0,0
21-Mar-20,0,2,0,0,0,0
22-Mar-20,0,2,0,0,0,0
23-Mar-20,1,3,1,1,0,0
24-Mar-20,0,3,0,1,0,0
25-Mar-20,0,3,0,1,0,0
26-Mar-20,0,3,0,1,0,0
27-Mar-20,0,3,0,1,1,1
28-Mar-20,0,3,0,1,1,2
29-Mar-20,0,3,0,1,0,2
30-Mar-20,0,3,0,1,0,2
31-Mar-20,0,3,0,1,0,2
01-Apr-20,0,3,0,1,0,2
02-Apr-20,3,6,0,1,0,2
03-Apr-20,0,6,1,2,0,2
04-Apr-20,7,13,0,2,0,2
05-Apr-20,1,14,0,2,0,2
06-Apr-20,4,18,0,2,0,2
07-Apr-20,9,27,0,2,1,3
08-Apr-20,0,27,0,2,0,3
09-Apr-20,1,28,0,2,0,3
10-Apr-20,0,28,0,2,0,3
11-Apr-20,4,32,0,2,6,9
12-Apr-20,0,32,0,2,4,13
13-Apr-20,0,32,0,2,0,13
14-Apr-20,1,33,0,2,1,14
15-Apr-20,2,35,0,2,0,14
16-Apr-20,0,35,0,2,3,17
17-Apr-20,3,38,0,2,0,17
18-Apr-20,1,39,0,2,0,17
19-Apr-20,0,39,0,2,0,17
20-Apr-20,0,39,0,2,0,17
21-Apr-20,0,39,0,2,0,17
22-Apr-20,0,39,0,2,0,17
23-Apr-20,1,40,0,2,2,19
24-Apr-20,0,40,0,2,0,19
25-Apr-20,0,40,0,2,4,23
26-Apr-20,0,40,0,2,0,23
27-Apr-20,0,40,0,2,3,26
28-Apr-20,0,40,0,2,0,26
29-Apr-20,0,40,0,2,0,26
30-Apr-20,0,40,0,2,3,29
01-May-20,0,40,0,2,2,31
02-May-20,0,40,0,2,3,34
03-May-20,0,40,0,2,1,35
04-May-20,1,41,0,2,0,35
05-May-20,1,42,1,3,0,35
06-May-20,1,43,0,3,0,35
07-May-20,3,46,0,3,0,35
08-May-20,4,50,0,3,0,35
09-May-20,2,52,0,3,1,36
10-May-20,6,58,0,3,0,36
11-May-20,1,59,0,3,0,36
12-May-20,8,67,0,3,0,36
13-May-20,1,68,0,3,0,36
14-May-20,6,74,0,3,0,36
15-May-20,2,76,0,3,0,36
16-May-20,2,78,0,3,4,40
17-May-20,2,80,0,3,1,41
18-May-20,10,90,0,3,2,43
19-May-20,2,92,1,4,5,48
20-May-20,18,110,0,4,3,51
21-May-20,42,152,0,4,5,56
22-May-20,16,168,0,4,0,56
23-May-20,17,185,0,4,2,58
24-May-20,18,203,0,4,2,60
25-May-20,20,223,0,4,4,64
26-May-20,24,247,0,4,0,64
27-May-20,26,273,2,6,3,67
28-May-20,8,281,0,6,7,74
29-May-20,14,295,0,6,10,84
30-May-20,18,313,0,6,24,108
31-May-20,18,331,0,6,9,117
01-Jun-20,9,340,0,6,2,119
02-Jun-20,5,345,0,6,18,137
03-Jun-20,14,359,0,6,10,147
04-Jun-20,24,383,0,6,29,176
05-Jun-20,10,393,0,6,10,186
06-Jun-20,7,400,0,6,5,191
07-Jun-20,11,411,0,6,28,219
08-Jun-20,10,421,0,6,5,224
09-Jun-20,16,437,0,6,14,238
10-Jun-20,14,451,1,7,13,251
11-Jun-20,19,470,0,7,26,277
12-Jun-20,16,486,0,7,17,294
13-Jun-20,16,502,0,7,16,310
14-Jun-20,16,518,0,7,17,327
15-Jun-20,38,556,0,7,16,343
16-Jun-20,4,560,0,7,19,362
17-Jun-20,25,585,0,7,7,369
18-Jun-20,10,595,0,7,5,374
19-Jun-20,32,627,0,7,12,386
20-Jun-20,29,656,0,7,20,406
21-Jun-20,17,673,0,7,12,418
22-Jun-20,54,727,0,7,12,430
23-Jun-20,48,775,0,7,3,433
24-Jun-20,31,806,0,7,34,467
25-Jun-20,33,839,1,8,8,475
26-Jun-20,25,864,0,8,20,495
27-Jun-20,30,894,0,8,7,502
28-Jun-20,22,916,0,8,17,519
29-Jun-20,26,942,0,8,38,557
30-Jun-20,11,953,1,9,19,576
01-Jul-20,26,979,0,9,42,618
02-Jul-20,35,1014,0,9,15,633
03-Jul-20,19,1033,0,9,39,672
04-Jul-20,13,1046,1,10,25,697
05-Jul-20,17,1063,0,10,28,725
06-Jul-20,14,1077,0,10,26,751
07-Jul-20,6,1083,0,10,27,778
08-Jul-20,18,1101,0,10,43,821
09-Jul-20,39,1140,0,10,13,834
10-Jul-20,31,1171,0,10,39,873
11-Jul-20,11,1182,0,10,23,896
12-Jul-20,31,1213,0,10,21,917
13-Jul-20,30,1243,0,10,11,928
14-Jul-20,66,1309,0,10,11,939
15-Jul-20,32,1341,0,10,28,967
16-Jul-20,36,1377,0,10,5,972
17-Jul-20,40,1417,0,10,40,1012
18-Jul-20,40,1457,0,10,19,1031
19-Jul-20,64,1521,0,10,29,1060
20-Jul-20,110,1631,0,10,8,1068
21-Jul-20,33,1664,1,11,10,1078
22-Jul-20,61,1725,0,11,28,1106
23-Jul-20,109,1834,0,11,31,1137
24-Jul-20,120,1954,1,12,9,1146
25-Jul-20,95,2049,0,12,28,1174
26-Jul-20,127,2176,1,13,25,1199
27-Jul-20,94,2270,0,13,18,1217
28-Jul-20,60,2330,0,13,18,1235
29-Jul-20,73,2403,0,13,98,1333
30-Jul-20,103,2506,0,13,55,1388
31-Jul-20,58,2564,0,13,72,1460
01-Aug-20,70,2634,0,13,43,1503
02-Aug-20,69,2703,0,13,57,1560
03-Aug-20,115,2818,0,13,99,1659
04-Aug-20,61,2879,0,13,52,1711
05-Aug-20,37,2916,0,13,52,1763
06-Aug-20,131,3047,0,13,103,1866
07-Aug-20,103,3150,0,13,89,1955
08-Aug-20,114,3264,0,13,127,2082
09-Aug-20,107,3371,1,14,100,2182
10-Aug-20,92,3463,2,16,24,2206
11-Aug-20,34,3497,1,17,68,2274
12-Aug-20,139,3636,0,17,89,2363
13-Aug-20,180,3816,1,18,73,2436
14-Aug-20,58,3874,0,18,116,2552
15-Aug-20,119,3993,0,18,81,2633
16-Aug-20,163,4156,0,18,88,2721
17-Aug-20,18,4174,0,18,114,2835
18-Aug-20,61,4235,0,18,89,2924
19-Aug-20,176,4411,2,20,69,2993
20-Aug-20,127,4538,2,22,93,3086
21-Aug-20,190,4728,2,24,149,3235
22-Aug-20,167,4895,4,28,107,3342
23-Aug-20,106,5001,0,28,120,3462
24-Aug-20,100,5101,0,28,123,3585
25-Aug-20,53,5154,1,29,164,3749
26-Aug-20,167,5321,2,31,62,3811
27-Aug-20,180,5501,1,32,198,4009
28-Aug-20,136,5637,0,32,141,4150
29-Aug-20,144,5781,1,33,117,4267
30-Aug-20,164,5945,1,34,142,4409
31-Aug-20,171,6116,3,37,65,4474
01-Sep-20,139,6255,4,41,173,4647
02-Sep-20,161,6416,1,42,69,4716
03-Sep-20,199,6615,5,47,98,4814
04-Sep-20,215,6830,2,49,107,4921
05-Sep-20,188,7018,4,53,21,4942
06-Sep-20,397,7415,1,54,197,5139
07-Sep-20,245,7660,1,55,221,5360
08-Sep-20,171,7831,4,59,85,5445
09-Sep-20,316,8147,3,62,142,5587
10-Sep-20,319,8466,3,65,80,5667
11-Sep-20,318,8784,5,70,158,5825
12-Sep-20,445,9229,2,72,123,5948
13-Sep-20,326,9555,4,76,152,6100
14-Sep-20,368,9923,5,81,68,6168
15-Sep-20,412,10335,8,89,250,6418
