Date,New Cases,Total Cases,Daily Dead,Total Dead,Daily Recovered,Total Recovered
14-Mar-20,2,2,0,0,0,0
15-Mar-20,0,2,0,0,0,0
16-Mar-20,1,3,0,0,0,0
17-Mar-20,0,3,0,0,0,0
18-Mar-20,1,4,0,0,0,0
19-Mar-20,0,4,0,0,0,0
20-Mar-20,0,4,0,0,0,0
21-Mar-20,0,4,0,0,0,0
22-Mar-20,0,4,0,0,0,0
23-Mar-20,0,4,0,0,0,0
24-Mar-20,2,6,0,0,0,0
25-Mar-20,5,11,0,0,1,1
26-Mar-20,3,14,1,1,0,1
27-Mar-20,6,20,0,1,0,1
28-Mar-20,13,33,0,1,0,1
29-Mar-20,5,38,0,1,0,1
30-Mar-20,11,49,0,1,0,1
31-Mar-20,6,55,1,2,0,1
01-Apr-20,7,62,0,2,1,2
02-Apr-20,8,70,0,2,1,3
03-Apr-20,5,75,0,2,0,3
04-Apr-20,17,92,0,2,0,3
05-Apr-20,14,106,0,2,1,4
06-Apr-20,3,109,0,2,0,4
07-Apr-20,16,125,1,3,0,4
08-Apr-20,33,158,0,3,2,6
09-Apr-20,26,184,1,4,0,6
10-Apr-20,23,207,0,4,0,6
11-Apr-20,17,224,0,4,0,6
12-Apr-20,21,245,0,4,0,6
13-Apr-20,25,270,0,4,10,16
14-Apr-20,8,278,0,4,14,30
15-Apr-20,22,300,0,4,6,36
16-Apr-20,14,314,0,4,2,38
17-Apr-20,14,328,1,5,4,42
18-Apr-20,13,341,0,5,9,51
19-Apr-20,13,354,0,5,5,56
20-Apr-20,14,368,0,5,15,71
21-Apr-20,12,380,0,5,10,81
22-Apr-20,27,407,0,5,11,92
23-Apr-20,27,434,0,5,0,92
24-Apr-20,20,454,0,5,17,109
25-Apr-20,40,494,1,6,3,112
26-Apr-20,29,523,0,6,25,137
27-Apr-20,23,546,1,7,27,164
28-Apr-20,19,565,1,8,12,176
29-Apr-20,16,581,0,8,16,192
30-Apr-20,33,614,0,8,24,216
01-May-20,25,639,0,8,31,247
02-May-20,27,666,0,8,7,254
03-May-20,35,701,0,8,33,287
04-May-20,25,726,0,8,16,303
05-May-20,15,741,0,8,17,320
06-May-20,34,775,0,8,2,322
07-May-20,18,793,1,9,13,335
08-May-20,30,823,0,9,29,364
09-May-20,13,836,0,9,4,368
10-May-20,25,861,0,9,15,383
11-May-20,18,879,1,10,44,427
12-May-20,55,934,0,10,28,455
13-May-20,37,971,1,11,11,466
14-May-20,12,983,0,11,19,485
15-May-20,30,1013,0,11,28,513
16-May-20,108,1121,1,12,29,542
17-May-20,62,1183,1,13,33,575
18-May-20,106,1289,2,15,34,609
19-May-20,28,1317,2,17,38,647
20-May-20,73,1390,1,18,31,678
21-May-20,59,1449,2,20,6,684
22-May-20,40,1489,0,20,36,720
23-May-20,80,1569,1,21,54,774
24-May-20,52,1621,0,21,35,809
25-May-20,47,1668,2,23,0,809
26-May-20,91,1759,1,24,24,833
27-May-20,162,1921,2,26,21,854
28-May-20,115,2036,1,27,5,859
29-May-20,128,2164,1,28,16,875
30-May-20,177,2341,0,28,33,908
31-May-20,105,2446,0,28,19,927
01-Jun-20,155,2601,3,31,19,946
02-Jun-20,117,2718,2,33,7,953
03-Jun-20,139,2857,1,34,54,1007
04-Jun-20,285,3142,1,35,41,1048
05-Jun-20,182,3324,1,36,38,1086
06-Jun-20,143,3467,3,39,40,1126
07-Jun-20,620,4087,2,41,90,1216
08-Jun-20,198,4285,4,45,108,1324
09-Jun-20,61,4346,3,48,182,1506
10-Jun-20,161,4507,3,51,165,1671
11-Jun-20,67,4574,1,52,149,1820
12-Jun-20,156,4730,1,53,266,2086
13-Jun-20,148,4878,2,55,183,2269
14-Jun-20,163,5041,4,59,120,2389
15-Jun-20,179,5220,3,62,215,2604
16-Jun-20,78,5298,1,63,177,2781
17-Jun-20,108,5406,1,64,133,2914
18-Jun-20,149,5555,7,71,230,3144
19-Jun-20,125,5680,4,75,50,3194
20-Jun-20,154,5834,6,81,142,3336
21-Jun-20,122,5956,1,82,46,3382
22-Jun-20,132,6088,3,85,149,3531
23-Jun-20,148,6236,2,87,111,3642
24-Jun-20,186,6422,1,88,176,3818
25-Jun-20,127,6549,2,90,149,3967
26-Jun-20,213,6762,1,91,113,4080
27-Jun-20,204,6966,2,93,145,4225
28-Jun-20,127,7093,1,94,91,4316
29-Jun-20,144,7237,1,95,269,4585
30-Jun-20,260,7497,6,101,137,4722
01-Jul-20,198,7695,4,105,134,4856
02-Jul-20,154,7849,10,115,118,4974
03-Jul-20,170,8019,4,119,101,5075
04-Jul-20,227,8246,8,127,68,5143
05-Jul-20,183,8429,5,132,112,5255
06-Jul-20,246,8675,6,138,63,5318
07-Jul-20,256,8931,5,143,81,5399
08-Jul-20,330,9261,6,149,168,5567
09-Jul-20,240,9501,5,154,128,5695
10-Jul-20,387,9888,5,159,91,5786
11-Jul-20,268,10156,10,169,109,5895
12-Jul-20,357,10513,10,179,84,5979
13-Jul-20,314,10827,8,187,116,6095
14-Jul-20,346,11173,8,195,128,6223
15-Jul-20,493,11666,11,206,114,6337
16-Jul-20,490,12156,16,222,109,6446
17-Jul-20,601,12757,9,231,112,6558
18-Jul-20,441,13198,5,236,607,7165
19-Jul-20,701,13899,8,244,646,7811
20-Jul-20,751,14650,10,254,463,8274
21-Jul-20,608,15258,9,263,181,8455
22-Jul-20,453,15711,10,273,152,8607
23-Jul-20,718,16429,9,282,102,8709
24-Jul-20,353,16782,14,296,508,9217
25-Jul-20,523,17305,9,305,300,9517
26-Jul-20,615,17920,7,312,411,9928
27-Jul-20,470,18390,9,321,474,10402
28-Jul-20,489,18879,12,333,483,10885
29-Jul-20,540,19419,15,348,437,11322
30-Jul-20,450,19869,17,365,520,11842
31-Jul-20,490,20359,12,377,375,12217
01-Aug-20,613,20972,11,388,654,12871
02-Aug-20,444,21416,8,396,256,13127
03-Aug-20,590,22006,11,407,905,14032
04-Aug-20,390,22396,10,417,824,14856
05-Aug-20,559,22955,9,426,388,15244
06-Aug-20,499,23454,10,436,464,15708
07-Aug-20,473,23927,13,449,510,16218
08-Aug-20,463,24390,10,459,449,16667
09-Aug-20,507,24897,13,472,336,17003
10-Aug-20,470,25367,6,478,372,17375
11-Aug-20,564,25931,12,490,604,17979
12-Aug-20,482,26413,8,498,544,18523
13-Aug-20,536,26949,11,509,779,19302
14-Aug-20,540,27489,11,520,640,19942
15-Aug-20,532,28021,7,527,734,20676
16-Aug-20,449,28470,15,542,267,20943
17-Aug-20,422,28892,6,548,353,21296
18-Aug-20,434,29326,13,561,590,21886
19-Aug-20,708,30034,11,572,611,22497
20-Aug-20,683,30717,6,578,728,23225
21-Aug-20,654,31371,15,593,580,23805
22-Aug-20,610,31981,15,608,593,24398
23-Aug-20,666,32647,9,617,434,24832
24-Aug-20,428,33075,7,624,373,25205
25-Aug-20,701,33776,14,638,389,25594
26-Aug-20,704,34480,19,657,599,26193
27-Aug-20,655,35135,14,671,528,26721
28-Aug-20,696,35831,7,678,651,27372
29-Aug-20,546,36377,7,685,648,28020
30-Aug-20,786,37163,9,694,490,28510
31-Aug-20,535,37698,9,703,505,29015
01-Sep-20,525,38223,14,717,469,29484
02-Sep-20,641,38864,15,732,595,30079
03-Sep-20,1079,39943,11,743,680,30759
04-Sep-20,1047,40990,12,755,676,31435
05-Sep-20,1251,42241,15,770,489,31924
06-Sep-20,1316,43557,14,784,403,32327
07-Sep-20,1013,44570,17,801,433,32760
08-Sep-20,1355,45925,14,815,491,33251
09-Sep-20,1617,47542,17,832,620,33871
10-Sep-20,1592,49134,13,845,344,34215
11-Sep-20,1578,50712,9,854,474,34689
12-Sep-20,1698,52410,10,864,596,35285
13-Sep-20,1686,54096,14,878,452,35737
14-Sep-20,1229,55325,17,895,644,36381
15-Sep-20,1329,56654,19,914,681,37062
