Date,New Cases,Total Cases,Daily Dead,Total Dead,Daily Recovered,Total Recovered
14-Mar-20,0,0,0,0,0,0
15-Mar-20,0,0,0,0,0,0
16-Mar-20,0,0,0,0,0,0
17-Mar-20,0,0,0,0,0,0
18-Mar-20,0,0,0,0,0,0
19-Mar-20,0,0,0,0,0,0
20-Mar-20,0,0,0,0,0,0
21-Mar-20,0,0,0,0,0,0
22-Mar-20,0,0,0,0,0,0
23-Mar-20,0,0,0,0,0,0
24-Mar-20,0,0,0,0,0,0
25-Mar-20,0,0,0,0,0,0
26-Mar-20,0,0,0,0,0,0
27-Mar-20,0,0,0,0,0,0
28-Mar-20,0,0,0,0,0,0
29-Mar-20,0,0,0,0,0,0
30-Mar-20,0,0,0,0,0,0
31-Mar-20,1,1,0,0,0,0
01-Apr-20,0,1,0,0,0,0
02-Apr-20,1,2,0,0,0,0
03-Apr-20,0,2,0,0,0,0
04-Apr-20,0,2,0,0,0,0
05-Apr-20,1,3,0,0,0,0
06-Apr-20,1,4,0,0,0,0
07-Apr-20,0,4,0,0,0,0
08-Apr-20,0,4,0,0,0,0
09-Apr-20,9,13,1,1,0,0
10-Apr-20,1,14,0,1,0,0
11-Apr-20,3,17,0,1,0,0
12-Apr-20,2,19,1,2,0,0
13-Apr-20,5,24,0,2,0,0
14-Apr-20,3,27,0,2,0,0
15-Apr-20,1,28,0,2,0,0
16-Apr-20,1,29,0,2,0,0
17-Apr-20,3,32,0,2,0,0
18-Apr-20,1,33,0,2,0,0
19-Apr-20,8,41,0,2,0,0
20-Apr-20,5,46,0,2,4,4
21-Apr-20,0,46,0,2,0,4
22-Apr-20,0,46,0,2,0,4
23-Apr-20,7,53,1,3,4,8
24-Apr-20,6,59,0,3,0,8
25-Apr-20,8,67,0,3,0,8
26-Apr-20,15,82,0,3,5,13
27-Apr-20,21,103,0,3,4,17
28-Apr-20,2,105,0,3,2,19
29-Apr-20,2,107,0,3,0,19
30-Apr-20,3,110,0,3,0,19
01-May-20,3,113,0,3,2,21
02-May-20,2,115,0,3,1,22
03-May-20,0,115,0,3,5,27
04-May-20,0,115,0,3,0,27
05-May-20,10,125,0,3,6,33
06-May-20,2,127,0,3,4,37
07-May-20,5,132,0,3,4,41
08-May-20,22,154,0,3,0,41
09-May-20,2,156,0,3,37,78
10-May-20,1,157,0,3,0,78
11-May-20,4,161,0,3,0,78
12-May-20,11,172,0,3,1,79
13-May-20,5,177,0,3,8,87
14-May-20,26,203,0,3,0,87
15-May-20,8,211,0,3,10,97
16-May-20,6,217,0,3,16,113
17-May-20,6,223,0,3,0,113
18-May-20,5,228,0,3,14,127
19-May-20,20,248,0,3,0,127
20-May-20,42,290,0,3,2,129
21-May-20,13,303,0,3,7,136
22-May-20,20,323,0,3,0,136
23-May-20,27,350,0,3,5,141
24-May-20,20,370,1,4,7,148
25-May-20,35,405,0,4,0,148
26-May-20,21,426,0,4,5,153
27-May-20,7,433,0,4,0,153
28-May-20,6,439,0,4,0,153
29-May-20,82,521,1,5,63,216
30-May-20,73,594,0,5,40,256
31-May-20,41,635,0,5,0,256
01-Jun-20,26,661,0,5,40,296
02-Jun-20,61,722,0,5,0,296
03-Jun-20,42,764,0,5,1,297
04-Jun-20,63,827,1,6,69,366
05-Jun-20,95,922,1,7,69,435
06-Jun-20,106,1028,0,7,38,473
07-Jun-20,75,1103,0,7,17,490
08-Jun-20,187,1290,0,7,29,519
09-Jun-20,126,1416,1,8,40,559
10-Jun-20,135,1551,0,8,33,592
11-Jun-20,48,1599,0,8,38,630
12-Jun-20,57,1656,0,8,55,685
13-Jun-20,55,1711,0,8,131,816
14-Jun-20,52,1763,0,8,89,905
15-Jun-20,30,1793,1,9,95,1000
16-Jun-20,46,1839,0,9,121,1121
17-Jun-20,57,1896,1,10,30,1151
18-Jun-20,23,1919,1,11,47,1198
19-Jun-20,42,1961,0,11,137,1335
20-Jun-20,63,2024,0,11,69,1404
21-Jun-20,74,2098,0,11,2,1406
22-Jun-20,42,2140,0,11,63,1469
23-Jun-20,53,2193,0,11,51,1520
24-Jun-20,26,2219,1,12,55,1575
25-Jun-20,44,2263,0,12,30,1605
26-Jun-20,31,2294,0,12,42,1647
27-Jun-20,45,2339,0,12,77,1724
28-Jun-20,25,2364,0,12,69,1793
29-Jun-20,62,2426,3,15,56,1849
30-Jun-20,64,2490,0,15,35,1884
01-Jul-20,35,2525,0,15,47,1931
02-Jul-20,60,2585,0,15,57,1988
03-Jul-20,112,2697,0,15,13,2001
04-Jul-20,42,2739,3,18,34,2035
05-Jul-20,68,2807,1,19,10,2045
06-Jul-20,47,2854,1,20,23,2068
07-Jul-20,164,3018,2,22,36,2104
08-Jul-20,116,3134,0,22,66,2170
09-Jul-20,134,3268,1,23,40,2210
10-Jul-20,250,3518,0,23,14,2224
11-Jul-20,145,3663,1,24,32,2256
12-Jul-20,97,3760,7,31,52,2308
13-Jul-20,203,3963,2,33,43,2351
14-Jul-20,262,4225,3,36,77,2428
15-Jul-20,337,4562,2,38,57,2485
16-Jul-20,221,4783,4,42,28,2513
17-Jul-20,313,5096,4,46,64,2577
18-Jul-20,289,5385,2,48,79,2656
19-Jul-20,167,5552,1,49,62,2718
20-Jul-20,225,5777,4,53,117,2835
21-Jul-20,418,6195,8,61,107,2942
22-Jul-20,487,6682,3,64,106,3048
23-Jul-20,482,7164,3,67,206,3254
24-Jul-20,400,7564,9,76,100,3354
25-Jul-20,277,7841,7,83,167,3521
26-Jul-20,508,8349,0,83,183,3704
27-Jul-20,454,8803,7,90,101,3805
28-Jul-20,760,9563,4,94,179,3984
29-Jul-20,331,9894,5,99,77,4061
30-Jul-20,505,10399,4,103,115,4176
31-Jul-20,915,11314,3,106,167,4343
01-Aug-20,790,12104,8,114,170,4513
02-Aug-20,455,12559,4,118,169,4682
03-Aug-20,941,13500,7,125,112,4794
04-Aug-20,570,14070,4,129,405,5199
05-Aug-20,978,15048,7,136,627,5826
06-Aug-20,708,15756,9,145,768,6594
07-Aug-20,726,16482,6,151,897,7491
08-Aug-20,986,17468,9,160,834,8325
09-Aug-20,688,18156,17,177,673,8998
10-Aug-20,630,18786,12,189,750,9748
11-Aug-20,683,19469,5,194,807,10555
12-Aug-20,788,20257,8,202,1642,12197
13-Aug-20,693,20950,7,209,816,13013
14-Aug-20,1175,22125,15,224,665,13678
15-Aug-20,547,22672,5,229,503,14181
16-Aug-20,552,23224,15,244,566,14747
17-Aug-20,843,24067,11,255,601,15348
18-Aug-20,1241,25308,10,265,361,15709
19-Aug-20,967,26275,13,278,857,16566
20-Aug-20,638,26913,8,286,754,17320
21-Aug-20,1258,28171,11,297,1052,18372
22-Aug-20,907,29078,13,310,814,19186
23-Aug-20,1075,30153,8,318,950,20136
24-Aug-20,940,31093,17,335,889,21025
25-Aug-20,1056,32149,12,347,725,21750
26-Aug-20,1137,33286,15,362,736,22486
27-Aug-20,1365,34651,15,377,633,23119
28-Aug-20,1137,35788,12,389,1019,24138
29-Aug-20,1299,37087,9,398,1078,25216
30-Aug-20,1323,38410,12,410,1232,26448
31-Aug-20,3221,41631,7,417,695,27143
01-Sep-20,2177,43808,11,428,1006,28149
02-Sep-20,1029,44837,10,438,1598,29747
03-Sep-20,1618,46455,6,444,1139,30886
04-Sep-20,1559,48014,3,447,1157,32043
05-Sep-20,1758,49772,15,462,2287,34330
06-Sep-20,1266,51038,7,469,1854,36184
07-Sep-20,1557,52595,13,482,1366,37550
08-Sep-20,2676,55271,14,496,1812,39362
09-Sep-20,1601,56872,16,512,1297,40659
10-Sep-20,1182,58054,5,517,1456,42115
11-Sep-20,961,59015,15,532,1213,43328
12-Sep-20,1420,60435,10,542,1746,45074
13-Sep-20,1014,61449,13,555,1509,46583
14-Sep-20,1263,62712,6,561,1529,48112
15-Sep-20,1702,64414,10,571,1638,49750
