Date,New Cases,Total Cases,Daily Dead,Total Dead,Daily Recovered,Total Recovered
14-Mar-20,0,0,0,0,0,0
15-Mar-20,0,0,0,0,0,0
16-Mar-20,0,0,0,0,0,0
17-Mar-20,0,0,0,0,0,0
18-Mar-20,8,8,0,0,0,0
19-Mar-20,0,8,0,0,0,0
20-Mar-20,2,10,0,0,0,0
21-Mar-20,3,13,0,0,0,0
22-Mar-20,0,13,0,0,0,0
23-Mar-20,0,13,0,0,0,0
24-Mar-20,0,13,0,0,0,0
25-Mar-20,0,13,0,0,0,0
26-Mar-20,0,13,0,0,0,0
27-Mar-20,0,13,0,0,3,3
28-Mar-20,0,13,0,0,0,3
29-Mar-20,0,13,0,0,0,3
30-Mar-20,0,13,0,0,0,3
31-Mar-20,0,13,0,0,0,3
01-Apr-20,0,13,0,0,0,3
02-Apr-20,0,13,0,0,0,3
03-Apr-20,1,14,0,0,0,3
04-Apr-20,0,14,0,0,0,3
05-Apr-20,0,14,0,0,0,3
06-Apr-20,0,14,0,0,7,10
07-Apr-20,0,14,0,0,0,10
08-Apr-20,0,14,0,0,0,10
09-Apr-20,0,14,0,0,0,10
10-Apr-20,1,15,0,0,1,11
11-Apr-20,0,15,0,0,0,11
12-Apr-20,0,15,0,0,0,11
13-Apr-20,2,17,0,0,1,12
14-Apr-20,0,17,0,0,0,12
15-Apr-20,1,18,0,0,0,12
16-Apr-20,0,18,0,0,2,14
17-Apr-20,0,18,0,0,0,14
18-Apr-20,0,18,0,0,0,14
19-Apr-20,0,18,0,0,0,14
20-Apr-20,0,18,0,0,0,14
21-Apr-20,0,18,0,0,0,14
22-Apr-20,0,18,0,0,0,14
23-Apr-20,0,18,0,0,2,16
24-Apr-20,0,18,0,0,0,16
25-Apr-20,2,20,0,0,0,16
26-Apr-20,0,20,0,0,0,16
27-Apr-20,0,20,0,0,0,16
28-Apr-20,2,22,0,0,0,16
29-Apr-20,0,22,0,0,1,17
30-Apr-20,0,22,0,0,0,17
01-May-20,0,22,0,0,0,17
02-May-20,1,23,0,0,0,17
03-May-20,19,42,0,0,0,17
04-May-20,0,42,0,0,0,17
05-May-20,0,42,0,0,0,17
06-May-20,0,42,0,0,0,17
07-May-20,0,42,0,0,0,17
08-May-20,0,42,0,0,1,18
09-May-20,0,42,0,0,0,18
10-May-20,0,42,0,0,3,21
11-May-20,0,42,0,0,1,22
12-May-20,0,42,0,0,0,22
13-May-20,1,43,0,0,0,22
14-May-20,0,43,0,0,0,22
15-May-20,0,43,0,0,2,24
16-May-20,0,43,0,0,0,24
17-May-20,0,43,0,0,0,24
18-May-20,0,43,0,0,19,43
19-May-20,0,43,0,0,0,43
20-May-20,1,44,0,0,0,43
21-May-20,0,44,0,0,0,43
22-May-20,2,46,0,0,0,43
23-May-20,3,49,0,0,0,43
24-May-20,3,52,0,0,0,43
25-May-20,1,53,0,0,0,43
26-May-20,0,53,0,0,0,43
27-May-20,1,54,0,0,0,43
28-May-20,20,74,0,0,0,43
29-May-20,0,74,0,0,0,43
30-May-20,3,77,0,0,0,43
31-May-20,0,77,0,0,4,47
01-Jun-20,0,77,0,0,0,47
02-Jun-20,4,81,1,1,0,47
03-Jun-20,9,90,0,1,1,48
04-Jun-20,4,94,0,1,0,48
05-Jun-20,3,97,0,1,0,48
06-Jun-20,2,99,0,1,2,50
07-Jun-20,4,103,0,1,0,50
08-Jun-20,0,103,0,1,0,50
09-Jun-20,5,108,0,1,0,50
10-Jun-20,7,115,0,1,0,50
11-Jun-20,20,135,0,1,4,54
12-Jun-20,104,239,0,1,4,58
13-Jun-20,198,437,0,1,10,68
14-Jun-20,112,549,0,1,12,80
15-Jun-20,6,555,0,1,2,82
16-Jun-20,94,649,0,1,3,85
17-Jun-20,38,687,0,1,7,92
18-Jun-20,0,687,0,1,3,95
19-Jun-20,57,744,0,1,0,95
20-Jun-20,92,836,0,1,22,117
21-Jun-20,1,837,0,1,17,134
22-Jun-20,10,847,0,1,2,136
23-Jun-20,85,932,0,1,12,148
24-Jun-20,0,932,0,1,126,274
25-Jun-20,9,941,0,1,84,358
26-Jun-20,5,946,0,1,109,467
27-Jun-20,14,960,0,1,87,554
28-Jun-20,3,963,0,1,32,586
29-Jun-20,1,964,0,1,30,616
30-Jun-20,9,973,0,1,32,648
01-Jul-20,17,990,0,1,46,694
02-Jul-20,1,991,0,1,35,729
03-Jul-20,11,1002,0,1,47,776
04-Jul-20,3,1005,0,1,50,826
05-Jul-20,0,1005,0,1,0,826
06-Jul-20,0,1005,0,1,10,836
07-Jul-20,36,1041,0,1,24,860
08-Jul-20,6,1047,0,1,28,888
09-Jul-20,8,1055,0,1,27,915
10-Jul-20,9,1064,0,1,2,917
11-Jul-20,13,1077,0,1,11,928
12-Jul-20,9,1086,0,1,0,928
13-Jul-20,7,1093,0,1,18,946
14-Jul-20,35,1128,0,1,0,946
15-Jul-20,14,1142,0,1,18,964
16-Jul-20,5,1147,0,1,6,970
17-Jul-20,4,1151,1,2,3,973
18-Jul-20,8,1159,0,2,12,985
19-Jul-20,19,1178,0,2,18,1003
20-Jul-20,17,1195,0,2,4,1007
21-Jul-20,3,1198,0,2,3,1010
22-Jul-20,8,1206,0,2,8,1018
23-Jul-20,4,1210,0,2,7,1025
24-Jul-20,36,1246,0,2,10,1035
25-Jul-20,30,1276,1,3,22,1057
26-Jul-20,9,1285,1,4,6,1063
27-Jul-20,21,1306,0,4,3,1066
28-Jul-20,21,1327,0,4,1,1067
29-Jul-20,20,1347,2,6,13,1080
30-Jul-20,31,1378,1,7,14,1094
31-Jul-20,26,1404,0,7,1,1095
01-Aug-20,58,1462,0,7,13,1108
02-Aug-20,4,1466,0,7,0,1108
03-Aug-20,19,1485,0,7,1,1109
04-Aug-20,49,1534,0,7,18,1127
05-Aug-20,58,1592,0,7,37,1164
06-Aug-20,3,1595,0,7,13,1177
07-Aug-20,19,1614,2,9,17,1194
08-Aug-20,25,1639,0,9,20,1214
09-Aug-20,49,1688,0,9,8,1222
10-Aug-20,29,1717,0,9,15,1237
11-Aug-20,53,1770,0,9,18,1255
12-Aug-20,41,1811,0,9,19,1274
13-Aug-20,38,1849,0,9,8,1282
14-Aug-20,30,1879,0,9,21,1303
15-Aug-20,30,1909,1,10,4,1307
16-Aug-20,39,1948,4,14,49,1356
17-Aug-20,18,1966,0,14,12,1368
18-Aug-20,44,2010,3,17,27,1395
19-Aug-20,38,2048,1,18,2,1397
20-Aug-20,29,2077,0,18,39,1436
21-Aug-20,56,2133,1,19,13,1449
22-Aug-20,77,2210,2,21,20,1469
23-Aug-20,69,2279,2,23,22,1491
24-Aug-20,51,2330,0,23,26,1517
25-Aug-20,90,2420,1,24,32,1549
26-Aug-20,31,2451,1,25,31,1580
27-Aug-20,41,2492,2,27,60,1640
28-Aug-20,48,2540,1,28,74,1714
29-Aug-20,63,2603,4,32,31,1745
30-Aug-20,35,2638,2,34,12,1757
31-Aug-20,43,2681,0,34,117,1874
01-Sep-20,52,2733,1,35,104,1978
02-Sep-20,52,2785,0,35,29,2007
03-Sep-20,55,2840,0,35,32,2039
04-Sep-20,95,2935,0,35,46,2085
05-Sep-20,61,2996,0,35,42,2127
06-Sep-20,40,3036,0,35,24,2151
07-Sep-20,28,3064,0,35,60,2211
08-Sep-20,38,3102,0,35,77,2288
09-Sep-20,40,3142,0,35,41,2329
10-Sep-20,35,3177,1,36,37,2366
11-Sep-20,51,3228,2,38,21,2387
12-Sep-20,66,3294,1,39,27,2414
13-Sep-20,51,3345,1,40,22,2436
14-Sep-20,74,3419,1,41,39,2475
15-Sep-20,80,3499,3,44,42,2517
