Date,New Cases,Total Cases,Daily Dead,Total Dead,Daily Recovered,Total Recovered
14-Mar-20,0,0,0,0,0,0
15-Mar-20,0,0,0,0,0,0
16-Mar-20,0,0,0,0,0,0
17-Mar-20,0,0,0,0,0,0
18-Mar-20,0,0,0,0,0,0
19-Mar-20,0,0,0,0,0,0
20-Mar-20,4,4,0,0,0,0
21-Mar-20,0,4,0,0,0,0
22-Mar-20,2,6,0,0,0,0
23-Mar-20,0,6,0,0,0,0
24-Mar-20,1,7,0,0,0,0
25-Mar-20,8,15,1,1,0,0
26-Mar-20,5,20,0,1,0,0
27-Mar-20,9,29,1,2,0,0
28-Mar-20,10,39,0,2,0,0
29-Mar-20,0,39,0,2,0,0
30-Mar-20,8,47,2,4,0,0
31-Mar-20,19,66,1,5,0,0
01-Apr-20,32,98,1,6,0,0
02-Apr-20,9,107,2,8,0,0
03-Apr-20,47,154,0,8,0,0
04-Apr-20,25,179,3,11,0,0
05-Apr-20,14,193,2,13,3,3
06-Apr-20,63,256,2,15,8,11
07-Apr-20,34,290,6,21,10,21
08-Apr-20,51,341,3,24,4,25
09-Apr-20,70,411,9,33,0,25
10-Apr-20,40,451,4,37,12,37
11-Apr-20,78,529,4,41,1,38
12-Apr-20,33,562,3,44,3,41
13-Apr-20,52,614,7,51,10,51
14-Apr-20,127,741,3,54,13,64
15-Apr-20,197,938,0,54,0,64
16-Apr-20,226,1164,2,56,6,70
17-Apr-20,146,1310,14,70,0,70
18-Apr-20,92,1402,0,70,57,127
19-Apr-20,5,1407,3,73,4,131
20-Apr-20,78,1485,4,77,7,138
21-Apr-20,67,1552,4,81,10,148
22-Apr-20,35,1587,0,81,4,152
23-Apr-20,100,1687,3,84,51,203
24-Apr-20,159,1846,9,93,7,210
25-Apr-20,99,1945,7,100,71,281
26-Apr-20,145,2090,4,104,21,302
27-Apr-20,75,2165,7,111,55,357
28-Apr-20,222,2387,10,121,16,373
29-Apr-20,173,2560,10,131,88,461
30-Apr-20,65,2625,7,138,21,482
01-May-20,90,2715,8,146,42,524
02-May-20,73,2788,6,152,100,624
03-May-20,49,2837,5,157,174,798
04-May-20,105,2942,9,166,58,856
05-May-20,107,3049,11,177,144,1000
06-May-20,89,3138,9,186,99,1099
07-May-20,114,3252,8,194,132,1231
08-May-20,89,3341,7,201,118,1349
09-May-20,116,3457,11,212,131,1480
10-May-20,157,3614,4,216,196,1676
11-May-20,171,3785,6,222,71,1747
12-May-20,201,3986,4,226,113,1860
13-May-20,187,4173,7,233,144,2004
14-May-20,253,4426,5,238,167,2171
15-May-20,169,4595,2,240,112,2283
16-May-20,195,4790,4,244,32,2315
17-May-20,187,4977,5,249,88,2403
18-May-20,259,5236,4,253,32,2435
19-May-20,229,5465,6,259,196,2631
20-May-20,270,5735,9,268,103,2734
21-May-20,246,5981,4,272,110,2844
22-May-20,189,6170,1,273,245,3089
23-May-20,201,6371,9,282,178,3267
24-May-20,294,6665,9,291,141,3408
25-May-20,194,6859,10,301,163,3571
26-May-20,165,7024,5,306,118,3689
27-May-20,237,7261,8,314,238,3927
28-May-20,192,7453,8,322,123,4050
29-May-20,192,7645,13,335,219,4269
30-May-20,246,7891,9,344,175,4444
31-May-20,198,8089,7,351,398,4842
01-Jun-20,194,8283,8,359,161,5003
02-Jun-20,137,8420,6,365,218,5221
03-Jun-20,168,8588,7,372,224,5445
04-Jun-20,174,8762,6,378,192,5637
05-Jun-20,234,8996,7,385,241,5878
06-Jun-20,232,9228,15,400,230,6108
07-Jun-20,173,9401,13,413,223,6331
08-Jun-20,237,9638,2,415,205,6536
09-Jun-20,211,9849,6,421,193,6729
10-Jun-20,200,10049,7,428,163,6892
11-Jun-20,192,10241,4,432,150,7042
12-Jun-20,202,10443,9,441,159,7201
13-Jun-20,198,10641,7,448,176,7377
14-Jun-20,161,10802,12,460,300,7677
15-Jun-20,133,10935,6,466,226,7903
16-Jun-20,148,11083,11,477,249,8152
17-Jun-20,161,11244,6,483,236,8388
18-Jun-20,182,11426,4,487,244,8632
19-Jun-20,156,11582,9,496,116,8748
20-Jun-20,142,11724,6,502,132,8880
21-Jun-20,179,11903,14,516,135,9015
22-Jun-20,175,12078,6,522,200,9215
23-Jun-20,183,12261,4,526,120,9335
24-Jun-20,187,12448,9,535,138,9473
25-Jun-20,147,12595,8,543,146,9619
26-Jun-20,203,12798,4,547,185,9804
27-Jun-20,167,12965,4,551,167,9971
28-Jun-20,221,13186,7,558,113,10084
29-Jun-20,184,13370,7,565,115,10199
30-Jun-20,223,13593,8,573,196,10395
01-Jul-20,268,13861,9,582,260,10655
02-Jul-20,245,14106,8,590,160,10815
03-Jul-20,191,14297,4,594,234,11049
04-Jul-20,307,14604,5,599,185,11234
05-Jul-20,326,14930,10,609,177,11411
06-Jul-20,354,15284,9,618,168,11579
07-Jul-20,343,15627,5,623,189,11768
08-Jul-20,409,16036,7,630,219,11987
09-Jul-20,305,16341,5,635,245,12232
10-Jul-20,316,16657,4,639,249,12481
11-Jul-20,544,17201,6,645,198,12679
12-Jul-20,431,17632,9,654,197,12876
13-Jul-20,575,18207,10,664,332,13208
14-Jul-20,798,19005,10,674,367,13575
15-Jul-20,638,19643,9,683,333,13908
16-Jul-20,735,20378,7,690,219,14127
17-Jul-20,704,21082,9,699,387,14514
18-Jul-20,681,21763,8,707,350,14864
19-Jul-20,837,22600,15,722,447,15311
20-Jul-20,710,23310,17,739,373,15684
21-Jul-20,785,24095,18,757,573,16257
22-Jul-20,747,24842,14,771,579,16836
23-Jul-20,632,25474,10,781,523,17359
24-Jul-20,736,26210,11,792,507,17866
25-Jul-20,716,26926,8,800,622,18488
26-Jul-20,874,27800,12,812,644,19132
27-Jul-20,789,28589,9,821,659,19791
28-Jul-20,628,29217,10,831,552,20343
29-Jul-20,917,30134,14,845,591,20934
30-Jul-20,834,30968,13,858,723,21657
31-Jul-20,838,31806,10,868,614,22271
01-Aug-20,808,32614,9,877,698,22969
02-Aug-20,921,33535,10,887,581,23550
03-Aug-20,750,34285,14,901,549,24099
04-Aug-20,797,35082,12,913,1315,25414
05-Aug-20,652,35734,17,930,650,26064
06-Aug-20,830,36564,17,947,838,26902
07-Aug-20,734,37298,16,963,719,27621
08-Aug-20,859,38157,15,978,732,28353
09-Aug-20,868,39025,19,997,667,29020
10-Aug-20,866,39891,19,1016,654,29674
11-Aug-20,843,40734,18,1034,922,30596
12-Aug-20,870,41604,15,1049,643,31239
13-Aug-20,1014,42618,17,1066,596,31835
14-Aug-20,796,43414,16,1082,570,32405
15-Aug-20,1019,44433,13,1095,948,33353
16-Aug-20,1022,45455,11,1106,685,34038
17-Aug-20,930,46385,23,1129,987,35025
18-Aug-20,990,47375,13,1142,688,35713
19-Aug-20,976,48351,18,1160,762,36475
20-Aug-20,1142,49493,12,1172,1065,37540
21-Aug-20,1147,50640,14,1186,987,38527
22-Aug-20,1226,51866,21,1207,872,39399
23-Aug-20,1263,53129,23,1230,991,40390
24-Aug-20,1292,54421,17,1247,841,41231
25-Aug-20,1379,55800,19,1266,1079,42310
26-Aug-20,1064,56864,17,1283,936,43246
27-Aug-20,1317,58181,24,1307,1207,44453
28-Aug-20,1252,59433,17,1324,943,45396
29-Aug-20,1442,60875,22,1346,1017,46413
30-Aug-20,1558,62433,29,1375,1054,47467
31-Aug-20,1532,63965,20,1395,1190,48657
01-Sep-20,1525,65490,32,1427,1335,49992
02-Sep-20,1424,66914,27,1454,1132,51124
03-Sep-20,1672,68586,30,1484,1091,52215
04-Sep-20,1658,70244,30,1514,1042,53257
05-Sep-20,1636,71880,30,1544,1392,54649
06-Sep-20,1694,73574,29,1573,1238,55887
07-Sep-20,1885,75459,17,1590,1022,56909
08-Sep-20,1864,77323,20,1610,1600,58509
09-Sep-20,1869,79192,31,1641,1341,59850
10-Sep-20,2187,81379,21,1662,1435,61285
11-Sep-20,2240,83619,30,1692,1651,62936
12-Sep-20,2347,85966,37,1729,1462,64398
13-Sep-20,2281,88247,34,1763,1600,65998
14-Sep-20,2483,90730,29,1792,1713,67711
15-Sep-20,2323,93053,29,1821,1902,69613
