Date,New Cases,Total Cases,Daily Dead,Total Dead,Daily Recovered,Total Recovered
14-Mar-20,0.0,0,0.0,0,0.0,0
15-Mar-20,0.0,0,0.0,0,0.0,0
16-Mar-20,0.0,0,0.0,0,0.0,0
17-Mar-20,0.0,0,0.0,0,0.0,0
18-Mar-20,0.0,0,0.0,0,0.0,0
19-Mar-20,0.0,0,0.0,0,0.0,0
20-Mar-20,0.0,0,0.0,0,0.0,0
21-Mar-20,0.0,0,0.0,0,0.0,0
22-Mar-20,0.0,0,0.0,0,0.0,0
23-Mar-20,0.0,0,0.0,0,0.0,0
24-Mar-20,0.0,0,0.0,0,0.0,0
25-Mar-20,0.0,0,0.0,0,0.0,0
26-Mar-20,0.0,0,0.0,0,0.0,0
27-Mar-20,0.0,0,0.0,0,0.0,0
28-Mar-20,0.0,0,0.0,0,0.0,0
29-Mar-20,0.0,0,0.0,0,0.0,0
30-Mar-20,0.0,0,0.0,0,0.0,0
31-Mar-20,0.0,0,0.0,0,0.0,0
01-Apr-20,0.0,0,0.0,0,0.0,0
02-Apr-20,0.0,0,0.0,0,0.0,0
03-Apr-20,0.0,0,0.0,0,0.0,0
04-Apr-20,0.0,0,0.0,0,0.0,0
05-Apr-20,0.0,0,0.0,0,0.0,0
06-Apr-20,0.0,0,0.0,0,0.0,0
07-Apr-20,0.0,0,0.0,0,0.0,0
08-Apr-20,0.0,0,0.0,0,0.0,0
09-Apr-20,3.0,3,0.0,0,0.0,0
10-Apr-20,0.0,3,0.0,0,0.0,0
11-Apr-20,0.0,3,0.0,0,0.0,0
12-Apr-20,0.0,3,0.0,0,0.0,0
13-Apr-20,1.0,4,0.0,0,0.0,0
14-Apr-20,3.0,7,0.0,0,0.0,0
15-Apr-20,8.0,15,0.0,0,0.0,0
16-Apr-20,2.0,17,0.0,0,0.0,0
17-Apr-20,1.0,18,0.0,0,0.0,0
18-Apr-20,0.0,18,0.0,0,0.0,0
19-Apr-20,0.0,18,0.0,0,0.0,0
20-Apr-20,0.0,18,0.0,0,0.0,0
21-Apr-20,2.0,20,6.0,6,0.0,0
22-Apr-20,0.0,20,0.0,6,0.0,0
23-Apr-20,1.0,21,0.0,6,0.0,0
24-Apr-20,1.0,22,0.0,6,0.0,0
25-Apr-20,0.0,22,0.0,6,4.0,4
26-Apr-20,1.0,23,0.0,6,0.0,4
27-Apr-20,1.0,24,0.0,6,1.0,5
28-Apr-20,-1.0,23,1.0,7,1.0,6
29-Apr-20,1.0,24,0.0,7,0.0,6
30-Apr-20,0.0,24,0.0,7,1.0,7
01-May-20,2.0,26,0.0,7,0.0,7
02-May-20,0.0,26,0.0,7,2.0,9
03-May-20,0.0,26,0.0,7,2.0,11
04-May-20,0.0,26,0.0,7,0.0,11
05-May-20,0.0,26,0.0,7,0.0,11
06-May-20,4.0,30,0.0,7,0.0,11
07-May-20,0.0,30,0.0,7,1.0,12
08-May-20,2.0,32,0.0,7,0.0,12
09-May-20,4.0,36,0.0,7,0.0,12
10-May-20,7.0,43,0.0,7,2.0,14
11-May-20,5.0,48,0.0,7,0.0,14
12-May-20,5.0,53,0.0,7,1.0,15
13-May-20,3.0,56,0.0,7,0.0,15
14-May-20,2.0,58,0.0,7,0.0,15
15-May-20,0.0,58,0.0,7,3.0,18
