Date,New Cases,Total Cases,Daily Dead,Total Dead,Daily Recovered,Total Recovered
14-Mar-20,0,0,0,0,0,0
15-Mar-20,0,0,0,0,0,0
16-Mar-20,0,0,0,0,0,0
17-Mar-20,0,0,0,0,0,0
18-Mar-20,0,0,0,0,0,0
19-Mar-20,0,0,0,0,0,0
20-Mar-20,0,0,0,0,0,0
21-Mar-20,0,0,0,0,0,0
22-Mar-20,0,0,0,0,0,0
23-Mar-20,0,0,0,0,0,0
24-Mar-20,1,1,0,0,0,0
25-Mar-20,0,1,0,0,0,0
26-Mar-20,0,1,0,0,0,0
27-Mar-20,0,1,0,0,0,0
28-Mar-20,0,1,0,0,0,0
29-Mar-20,0,1,0,0,0,0
30-Mar-20,0,1,0,0,0,0
31-Mar-20,0,1,0,0,0,0
01-Apr-20,0,1,0,0,0,0
02-Apr-20,1,2,0,0,0,0
03-Apr-20,0,2,0,0,0,0
04-Apr-20,0,2,0,0,0,0
05-Apr-20,0,2,0,0,0,0
06-Apr-20,0,2,0,0,1,1
07-Apr-20,0,2,0,0,0,1
08-Apr-20,0,2,0,0,0,1
09-Apr-20,0,2,0,0,0,1
10-Apr-20,0,2,0,0,0,1
11-Apr-20,0,2,0,0,0,1
12-Apr-20,0,2,0,0,0,1
13-Apr-20,0,2,0,0,0,1
14-Apr-20,0,2,0,0,0,1
15-Apr-20,0,2,0,0,0,1
16-Apr-20,0,2,0,0,0,1
17-Apr-20,0,2,0,0,0,1
18-Apr-20,0,2,0,0,0,1
19-Apr-20,0,2,0,0,0,1
20-Apr-20,0,2,0,0,1,2
21-Apr-20,0,2,0,0,0,2
22-Apr-20,0,2,0,0,0,2
23-Apr-20,0,2,0,0,0,2
24-Apr-20,0,2,0,0,0,2
25-Apr-20,0,2,0,0,0,2
26-Apr-20,0,2,0,0,0,2
27-Apr-20,0,2,0,0,0,2
28-Apr-20,0,2,0,0,0,2
29-Apr-20,0,2,0,0,0,2
30-Apr-20,0,2,0,0,0,2
01-May-20,0,2,0,0,0,2
02-May-20,0,2,0,0,0,2
03-May-20,0,2,0,0,0,2
04-May-20,0,2,0,0,0,2
05-May-20,0,2,0,0,0,2
06-May-20,0,2,0,0,0,2
07-May-20,0,2,0,0,0,2
08-May-20,0,2,0,0,0,2
09-May-20,0,2,0,0,0,2
10-May-20,0,2,0,0,0,2
11-May-20,0,2,0,0,0,2
12-May-20,0,2,0,0,0,2
13-May-20,0,2,0,0,0,2
14-May-20,1,3,0,0,0,2
15-May-20,0,3,0,0,0,2
16-May-20,4,7,0,0,0,2
17-May-20,0,7,0,0,0,2
18-May-20,0,7,0,0,0,2
19-May-20,2,9,0,0,0,2
20-May-20,16,25,0,0,0,2
21-May-20,0,25,0,0,0,2
22-May-20,1,26,0,0,0,2
23-May-20,3,29,0,0,0,2
24-May-20,3,32,0,0,2,4
25-May-20,4,36,0,0,0,4
26-May-20,3,39,0,0,0,4
27-May-20,5,44,0,0,0,4
28-May-20,11,55,0,0,0,4
29-May-20,4,59,0,0,2,6
30-May-20,1,60,0,0,0,6
31-May-20,11,71,0,0,5,11
01-Jun-20,12,83,0,0,0,11
02-Jun-20,6,89,0,0,3,14
03-Jun-20,19,108,0,0,24,38
04-Jun-20,16,124,0,0,0,38
05-Jun-20,8,132,0,0,0,38
06-Jun-20,25,157,0,0,14,52
07-Jun-20,15,172,0,0,0,52
08-Jun-20,100,272,0,0,6,58
09-Jun-20,32,304,0,0,6,64
10-Jun-20,7,311,0,0,0,64
11-Jun-20,55,366,0,0,9,73
12-Jun-20,19,385,0,0,0,73
13-Jun-20,64,449,0,0,0,73
14-Jun-20,9,458,0,0,18,91
15-Jun-20,32,490,0,0,60,151
16-Jun-20,10,500,0,0,8,159
17-Jun-20,52,552,0,0,33,192
18-Jun-20,54,606,0,0,7,199
19-Jun-20,75,681,0,0,19,218
20-Jun-20,96,777,0,0,14,232
21-Jun-20,64,841,0,0,18,250
22-Jun-20,57,898,0,0,0,250
23-Jun-20,23,921,0,0,8,258
24-Jun-20,49,970,0,0,70,328
25-Jun-20,86,1056,0,0,26,354
26-Jun-20,19,1075,0,0,39,393
27-Jun-20,17,1092,0,0,39,432
28-Jun-20,93,1185,0,0,23,455
29-Jun-20,42,1227,0,0,39,494
30-Jun-20,7,1234,0,0,59,553
01-Jul-20,26,1260,0,0,26,579
02-Jul-20,19,1279,0,0,37,616
03-Jul-20,37,1316,0,0,23,639
04-Jul-20,9,1325,0,0,28,667
05-Jul-20,41,1366,0,0,22,689
06-Jul-20,24,1390,0,0,45,734
07-Jul-20,40,1430,0,0,37,771
08-Jul-20,5,1435,0,0,22,793
09-Jul-20,15,1450,0,0,6,799
10-Jul-20,132,1582,0,0,33,832
11-Jul-20,11,1593,0,0,11,843
12-Jul-20,16,1609,0,0,53,896
13-Jul-20,17,1626,0,0,74,970
14-Jul-20,46,1672,0,0,50,1020
15-Jul-20,28,1700,0,0,60,1080
16-Jul-20,64,1764,0,0,49,1129
17-Jul-20,36,1800,0,0,34,1163
18-Jul-20,91,1891,0,0,19,1182
19-Jul-20,20,1911,0,0,53,1235
20-Jul-20,14,1925,0,0,85,1320
21-Jul-20,90,2015,0,0,64,1384
22-Jul-20,45,2060,0,0,34,1418
23-Jul-20,55,2115,0,0,42,1460
24-Jul-20,31,2146,0,0,31,1491
25-Jul-20,30,2176,0,0,29,1520
26-Jul-20,59,2235,0,0,1,1521
27-Jul-20,51,2286,0,0,38,1559
28-Jul-20,31,2317,0,0,56,1615
29-Jul-20,141,2458,1,1,38,1653
30-Jul-20,47,2505,3,4,19,1672
31-Jul-20,116,2621,1,5,17,1689
01-Aug-20,135,2756,1,6,10,1699
02-Aug-20,75,2831,1,7,38,1737
03-Aug-20,89,2920,0,7,29,1766
04-Aug-20,98,3018,0,7,48,1814
05-Aug-20,75,3093,0,7,48,1862
06-Aug-20,124,3217,1,8,43,1905
07-Aug-20,249,3466,2,10,21,1926
08-Aug-20,169,3635,1,11,1,1927
09-Aug-20,118,3753,0,11,117,2044
10-Aug-20,100,3853,0,11,78,2122
11-Aug-20,88,3941,1,12,33,2155
12-Aug-20,41,3982,0,12,76,2231
13-Aug-20,130,4112,1,13,64,2295
14-Aug-20,86,4198,0,13,65,2360
15-Aug-20,192,4390,0,13,78,2438
16-Aug-20,179,4569,3,16,194,2632
17-Aug-20,118,4687,1,17,102,2734
18-Aug-20,78,4765,1,18,55,2789
19-Aug-20,111,4876,0,18,96,2885
20-Aug-20,49,4925,0,18,117,3002
21-Aug-20,124,5049,2,20,259,3261
22-Aug-20,83,5132,2,22,194,3455
23-Aug-20,114,5246,0,22,161,3616
24-Aug-20,116,5362,0,22,97,3713
25-Aug-20,82,5444,2,24,99,3812
26-Aug-20,141,5585,1,25,17,3829
27-Aug-20,140,5725,0,25,128,3957
28-Aug-20,118,5843,2,27,100,4057
29-Aug-20,117,5960,1,28,129,4186
30-Aug-20,152,6112,0,28,53,4239
31-Aug-20,140,6252,0,28,91,4330
01-Sep-20,130,6382,1,29,120,4450
02-Sep-20,125,6507,0,29,157,4607
03-Sep-20,102,6609,3,32,167,4774
04-Sep-20,90,6699,3,35,125,4899
05-Sep-20,184,6883,1,36,76,4975
06-Sep-20,139,7022,2,38,189,5164
07-Sep-20,84,7106,0,38,194,5358
08-Sep-20,96,7202,1,39,126,5484
09-Sep-20,160,7362,1,40,64,5548
10-Sep-20,108,7470,4,44,245,5793
11-Sep-20,109,7579,0,44,209,6002
12-Sep-20,152,7731,1,45,100,6102
13-Sep-20,144,7875,1,46,89,6191
14-Sep-20,96,7971,0,46,149,6340
15-Sep-20,239,8210,1,47,78,6418
