Date,New Cases,Total Cases,Daily Dead,Total Dead,Daily Recovered,Total Recovered
14-Mar-20,0,0,0,0,0,0
15-Mar-20,0,0,0,0,0,0
16-Mar-20,0,0,0,0,0,0
17-Mar-20,0,0,0,0,0,0
18-Mar-20,0,0,0,0,0,0
19-Mar-20,0,0,0,0,0,0
20-Mar-20,0,0,0,0,0,0
21-Mar-20,0,0,0,0,0,0
22-Mar-20,0,0,0,0,0,0
23-Mar-20,0,0,0,0,0,0
24-Mar-20,0,0,0,0,0,0
25-Mar-20,0,0,0,0,0,0
26-Mar-20,0,0,0,0,0,0
27-Mar-20,0,0,0,0,0,0
28-Mar-20,0,0,0,0,0,0
29-Mar-20,0,0,0,0,0,0
30-Mar-20,0,0,0,0,0,0
31-Mar-20,0,0,0,0,0,0
01-Apr-20,0,0,0,0,0,0
02-Apr-20,0,0,0,0,0,0
03-Apr-20,0,0,0,0,0,0
04-Apr-20,0,0,0,0,0,0
05-Apr-20,0,0,0,0,0,0
06-Apr-20,0,0,0,0,0,0
07-Apr-20,0,0,0,0,0,0
08-Apr-20,0,0,0,0,0,0
09-Apr-20,0,0,0,0,0,0
10-Apr-20,0,0,0,0,0,0
11-Apr-20,0,0,0,0,0,0
12-Apr-20,0,0,0,0,0,0
13-Apr-20,1,1,0,0,0,0
14-Apr-20,0,1,0,0,0,0
15-Apr-20,6,7,1,1,0,0
16-Apr-20,2,9,0,1,0,0
17-Apr-20,0,9,0,1,0,0
18-Apr-20,2,11,0,1,0,0
19-Apr-20,0,11,0,1,0,0
20-Apr-20,0,11,0,1,0,0
21-Apr-20,1,12,0,1,0,0
22-Apr-20,0,12,0,1,0,0
23-Apr-20,0,12,0,1,0,0
24-Apr-20,0,12,0,1,0,0
25-Apr-20,0,12,0,1,0,0
26-Apr-20,0,12,0,1,0,0
27-Apr-20,0,12,0,1,0,0
28-Apr-20,0,12,0,1,0,0
29-Apr-20,0,12,0,1,0,0
30-Apr-20,0,12,0,1,0,0
01-May-20,0,12,0,1,10,10
02-May-20,0,12,0,1,0,10
03-May-20,0,12,0,1,0,10
04-May-20,0,12,0,1,0,10
05-May-20,0,12,0,1,0,10
06-May-20,0,12,0,1,0,10
07-May-20,0,12,0,1,0,10
08-May-20,0,12,0,1,0,10
09-May-20,1,13,0,1,0,10
10-May-20,0,13,0,1,0,10
11-May-20,0,13,0,1,0,10
12-May-20,0,13,0,1,0,10
13-May-20,0,13,0,1,1,11
14-May-20,0,13,0,1,0,11
15-May-20,0,13,0,1,0,11
16-May-20,0,13,0,1,0,11
17-May-20,0,13,0,1,0,11
18-May-20,0,13,0,1,1,12
19-May-20,0,13,0,1,0,12
20-May-20,1,14,0,1,0,12
21-May-20,0,14,0,1,0,12
22-May-20,0,14,0,1,0,12
23-May-20,0,14,0,1,0,12
24-May-20,0,14,0,1,0,12
25-May-20,1,15,0,1,0,12
26-May-20,5,20,0,1,0,12
27-May-20,0,20,0,1,0,12
28-May-20,1,21,0,1,0,12
29-May-20,6,27,0,1,0,12
30-May-20,0,27,0,1,0,12
31-May-20,0,27,0,1,0,12
01-Jun-20,1,28,0,1,0,12
02-Jun-20,2,30,0,1,0,12
03-Jun-20,3,33,0,1,1,13
04-Jun-20,0,33,0,1,0,13
05-Jun-20,0,33,0,1,0,13
06-Jun-20,0,33,0,1,0,13
07-Jun-20,3,36,0,1,0,13
08-Jun-20,3,39,0,1,0,13
09-Jun-20,4,43,0,1,0,13
10-Jun-20,1,44,0,1,0,13
11-Jun-20,0,44,0,1,5,18
12-Jun-20,0,44,0,1,4,22
13-Jun-20,0,44,0,1,1,23
14-Jun-20,0,44,0,1,3,26
15-Jun-20,0,44,0,1,0,26
16-Jun-20,0,44,0,1,2,28
17-Jun-20,-1,43,0,1,3,31
18-Jun-20,0,43,0,1,1,32
19-Jun-20,0,43,0,1,0,32
20-Jun-20,0,43,0,1,0,32
21-Jun-20,0,43,0,1,5,37
22-Jun-20,2,45,0,1,0,37
23-Jun-20,1,46,0,1,4,41
24-Jun-20,0,46,0,1,0,41
25-Jun-20,0,46,0,1,1,42
26-Jun-20,2,48,0,1,0,42
27-Jun-20,0,48,0,1,0,42
28-Jun-20,2,50,0,1,0,42
29-Jun-20,1,51,0,1,0,42
30-Jun-20,2,53,0,1,0,42
01-Jul-20,2,55,0,1,0,42
02-Jul-20,3,58,0,1,1,43
03-Jul-20,4,62,0,1,0,43
04-Jul-20,8,70,0,1,0,43
05-Jul-20,2,72,0,1,0,43
06-Jul-20,16,88,0,1,0,43
07-Jul-20,6,94,0,1,0,43
08-Jul-20,6,100,1,2,2,45
09-Jul-20,13,113,0,2,0,45
10-Jul-20,73,186,0,2,0,45
11-Jul-20,76,262,0,2,0,45
12-Jul-20,33,295,0,2,0,45
13-Jul-20,21,316,0,2,1,46
14-Jul-20,2,318,0,2,0,46
15-Jul-20,19,337,0,2,0,46
16-Jul-20,40,377,0,2,3,49
17-Jul-20,26,403,0,2,0,49
18-Jul-20,15,418,0,2,0,49
19-Jul-20,32,450,2,4,0,49
20-Jul-20,19,469,0,4,3,52
21-Jul-20,21,490,0,4,18,70
22-Jul-20,24,514,0,4,7,77
23-Jul-20,20,534,0,4,5,82
24-Jul-20,53,587,1,5,5,87
25-Jul-20,59,646,0,5,7,94
26-Jul-20,56,702,0,5,41,135
27-Jul-20,36,738,0,5,51,186
28-Jul-20,41,779,0,5,8,194
29-Jul-20,5,784,0,5,13,207
30-Jul-20,19,803,0,5,3,210
31-Jul-20,20,823,0,5,5,215
01-Aug-20,33,856,0,5,37,252
02-Aug-20,18,874,0,5,12,264
03-Aug-20,28,902,0,5,0,264
04-Aug-20,15,917,0,5,66,330
05-Aug-20,22,939,0,5,9,339
06-Aug-20,51,990,0,5,6,345
07-Aug-20,16,1006,0,5,66,411
08-Aug-20,17,1023,1,6,12,423
09-Aug-20,39,1062,0,6,67,490
10-Aug-20,53,1115,0,6,8,498
11-Aug-20,27,1142,0,6,12,510
12-Aug-20,37,1179,0,6,7,517
13-Aug-20,14,1193,0,6,30,547
14-Aug-20,35,1228,0,6,34,581
15-Aug-20,64,1292,0,6,15,596
16-Aug-20,82,1374,0,6,79,675
17-Aug-20,44,1418,0,6,4,679
18-Aug-20,39,1457,0,6,6,685
19-Aug-20,78,1535,0,6,40,725
20-Aug-20,126,1661,0,6,5,730
21-Aug-20,57,1718,0,6,19,749
22-Aug-20,93,1811,1,7,20,769
23-Aug-20,106,1917,1,8,7,776
24-Aug-20,59,1976,0,8,13,789
25-Aug-20,42,2018,0,8,43,832
26-Aug-20,32,2050,0,8,42,874
27-Aug-20,80,2130,1,9,25,899
28-Aug-20,110,2240,1,10,59,958
29-Aug-20,43,2283,0,10,77,1035
30-Aug-20,60,2343,0,10,14,1049
31-Aug-20,25,2368,0,10,113,1162
01-Sep-20,72,2440,2,12,73,1235
02-Sep-20,77,2517,1,13,83,1318
03-Sep-20,109,2626,0,13,75,1393
04-Sep-20,108,2734,1,14,75,1468
05-Sep-20,182,2916,1,15,59,1527
06-Sep-20,89,3005,1,16,29,1556
07-Sep-20,29,3034,1,17,4,1560
08-Sep-20,42,3076,0,17,156,1716
09-Sep-20,121,3197,2,19,107,1823
10-Sep-20,99,3296,1,20,19,1842
11-Sep-20,151,3447,4,24,47,1889
12-Sep-20,168,3615,1,25,131,2020
13-Sep-20,109,3724,1,26,55,2075
14-Sep-20,139,3863,2,28,76,2151
15-Sep-20,174,4037,1,29,39,2190
