Date,New Cases,Total Cases,Daily Dead,Total Dead,Daily Recovered,Total Recovered
14-Mar-20,0,0,0,0,0,0
15-Mar-20,0,0,0,0,0,0
16-Mar-20,0,0,0,0,0,0
17-Mar-20,0,0,0,0,0,0
18-Mar-20,0,0,0,0,0,0
19-Mar-20,0,0,0,0,0,0
20-Mar-20,0,0,0,0,0,0
21-Mar-20,0,0,0,0,0,0
22-Mar-20,0,0,0,0,0,0
23-Mar-20,0,0,0,0,0,0
24-Mar-20,0,0,0,0,0,0
25-Mar-20,1,1,0,0,0,0
26-Mar-20,0,1,0,0,0,0
27-Mar-20,0,1,0,0,0,0
28-Mar-20,0,1,0,0,0,0
29-Mar-20,0,1,0,0,0,0
30-Mar-20,0,1,0,0,0,0
31-Mar-20,0,1,0,0,0,0
01-Apr-20,0,1,0,0,0,0
02-Apr-20,0,1,0,0,0,0
03-Apr-20,0,1,0,0,0,0
04-Apr-20,0,1,0,0,0,0
05-Apr-20,0,1,0,0,0,0
06-Apr-20,0,1,0,0,0,0
07-Apr-20,0,1,0,0,0,0
08-Apr-20,0,1,0,0,0,0
09-Apr-20,0,1,0,0,0,0
10-Apr-20,0,1,0,0,0,0
11-Apr-20,0,1,0,0,0,0
12-Apr-20,0,1,0,0,0,0
13-Apr-20,0,1,0,0,0,0
14-Apr-20,0,1,0,0,0,0
15-Apr-20,0,1,0,0,0,0
16-Apr-20,0,1,0,0,0,0
17-Apr-20,0,1,0,0,0,0
18-Apr-20,0,1,0,0,0,0
19-Apr-20,0,1,0,0,0,0
20-Apr-20,0,1,0,0,0,0
21-Apr-20,0,1,0,0,0,0
22-Apr-20,0,1,0,0,0,0
23-Apr-20,0,1,0,0,0,0
24-Apr-20,0,1,0,0,0,0
25-Apr-20,0,1,0,0,0,0
26-Apr-20,0,1,0,0,0,0
27-Apr-20,0,1,0,0,0,0
28-Apr-20,0,1,0,0,0,0
29-Apr-20,0,1,0,0,0,0
30-Apr-20,0,1,0,0,0,0
01-May-20,0,1,0,0,0,0
02-May-20,0,1,0,0,0,0
03-May-20,0,1,0,0,0,0
04-May-20,0,1,0,0,0,0
05-May-20,0,1,0,0,1,1
06-May-20,0,1,0,0,0,1
07-May-20,0,1,0,0,0,1
08-May-20,0,1,0,0,0,1
09-May-20,0,1,0,0,0,1
10-May-20,0,1,0,0,0,1
11-May-20,0,1,0,0,0,1
12-May-20,0,1,0,0,0,1
13-May-20,0,1,0,0,0,1
14-May-20,0,1,0,0,0,1
15-May-20,0,1,0,0,0,1
16-May-20,0,1,0,0,0,1
17-May-20,0,1,0,0,0,1
18-May-20,0,1,0,0,0,1
19-May-20,0,1,0,0,0,1
20-May-20,0,1,0,0,0,1
21-May-20,0,1,0,0,0,1
22-May-20,0,1,0,0,0,1
23-May-20,0,1,0,0,0,1
24-May-20,0,1,0,0,0,1
25-May-20,0,1,0,0,0,1
26-May-20,0,1,0,0,0,1
27-May-20,0,1,0,0,0,1
28-May-20,0,1,0,0,0,1
29-May-20,0,1,0,0,0,1
30-May-20,0,1,0,0,0,1
31-May-20,0,1,0,0,0,1
01-Jun-20,0,1,0,0,0,1
02-Jun-20,12,13,0,0,0,1
03-Jun-20,1,14,0,0,0,1
04-Jun-20,3,17,0,0,0,1
05-Jun-20,7,24,0,0,0,1
06-Jun-20,0,24,0,0,0,1
07-Jun-20,10,34,0,0,0,1
08-Jun-20,8,42,0,0,0,1
09-Jun-20,46,88,0,0,0,1
10-Jun-20,5,93,0,0,0,1
11-Jun-20,9,102,0,0,0,1
12-Jun-20,2,104,0,0,0,1
13-Jun-20,6,110,0,0,0,1
14-Jun-20,2,112,0,0,0,1
15-Jun-20,5,117,0,0,0,1
16-Jun-20,4,121,0,0,0,1
17-Jun-20,0,121,0,0,0,1
18-Jun-20,9,130,0,0,0,1
19-Jun-20,0,130,0,0,8,9
20-Jun-20,10,140,0,0,0,9
21-Jun-20,1,141,0,0,0,9
22-Jun-20,1,142,0,0,3,12
23-Jun-20,0,142,0,0,7,19
24-Jun-20,3,145,0,0,5,24
25-Jun-20,0,145,0,0,6,30
26-Jun-20,2,147,0,0,17,47
27-Jun-20,3,150,0,0,8,55
28-Jun-20,1,151,0,0,0,55
29-Jun-20,0,151,0,0,6,61
30-Jun-20,9,160,0,0,61,122
01-Jul-20,0,160,0,0,1,123
02-Jul-20,2,162,0,0,3,126
03-Jul-20,0,162,0,0,1,127
04-Jul-20,2,164,0,0,3,130
05-Jul-20,22,186,0,0,3,133
06-Jul-20,11,197,0,0,0,133
07-Jul-20,1,198,0,0,6,139
08-Jul-20,5,203,0,0,4,143
09-Jul-20,0,203,0,0,0,143
10-Jul-20,23,226,0,0,0,143
11-Jul-20,1,227,0,0,7,150
12-Jul-20,4,231,0,0,0,150
13-Jul-20,2,233,0,0,1,151
14-Jul-20,5,238,0,0,8,159
15-Jul-20,0,238,0,0,0,159
16-Jul-20,34,272,0,0,1,160
17-Jul-20,10,282,0,0,0,160
18-Jul-20,2,284,0,0,7,167
19-Jul-20,0,284,0,0,0,167
20-Jul-20,13,297,0,0,1,168
21-Jul-20,0,297,0,0,0,168
22-Jul-20,20,317,0,0,11,179
23-Jul-20,9,326,0,0,4,183
24-Jul-20,6,332,0,0,0,183
25-Jul-20,29,361,0,0,0,183
26-Jul-20,0,361,0,0,10,193
27-Jul-20,0,361,0,0,0,193
28-Jul-20,23,384,0,0,5,198
29-Jul-20,11,395,0,0,17,215
30-Jul-20,13,408,0,0,19,234
31-Jul-20,0,408,0,0,13,247
01-Aug-20,5,413,0,0,6,253
02-Aug-20,57,470,0,0,5,258
03-Aug-20,26,496,0,0,8,266
04-Aug-20,6,502,0,0,16,282
05-Aug-20,3,505,0,0,4,286
06-Aug-20,33,538,0,0,2,288
07-Aug-20,21,559,0,0,0,288
08-Aug-20,8,567,0,0,8,296
09-Aug-20,41,608,0,0,2,298
10-Aug-20,12,620,0,0,25,323
11-Aug-20,3,623,0,0,0,323
12-Aug-20,25,648,0,0,7,330
13-Aug-20,1,649,0,0,13,343
14-Aug-20,8,657,0,0,4,347
15-Aug-20,56,713,0,0,9,356
16-Aug-20,64,777,0,0,15,371
17-Aug-20,12,789,0,0,1,372
18-Aug-20,26,815,0,0,7,379
19-Aug-20,45,860,0,0,5,384
20-Aug-20,14,874,0,0,18,402
21-Aug-20,21,895,0,0,18,420
22-Aug-20,8,903,0,0,1,421
23-Aug-20,15,918,0,0,38,459
24-Aug-20,0,918,0,0,2,461
25-Aug-20,35,953,0,0,3,464
26-Aug-20,14,967,0,0,9,473
27-Aug-20,7,974,0,0,27,500
28-Aug-20,29,1003,0,0,14,514
29-Aug-20,0,1003,0,0,70,584
30-Aug-20,5,1008,0,0,5,589
31-Aug-20,3,1011,0,0,0,589
01-Sep-20,1,1012,0,0,21,610
02-Sep-20,8,1020,0,0,49,659
03-Sep-20,20,1040,0,0,10,669
04-Sep-20,6,1046,0,0,12,681
05-Sep-20,16,1062,0,0,32,713
06-Sep-20,31,1093,0,0,19,732
07-Sep-20,21,1114,0,0,0,732
08-Sep-20,9,1123,0,0,13,745
09-Sep-20,69,1192,0,0,5,750
10-Sep-20,141,1333,0,0,0,750
11-Sep-20,20,1353,0,0,40,790
12-Sep-20,26,1379,0,0,33,823
13-Sep-20,35,1414,0,0,7,830
14-Sep-20,14,1428,0,0,89,919
15-Sep-20,40,1468,0,0,3,922
