Date,New Cases,Total Cases,Daily Dead,Total Dead,Daily Recovered,Total Recovered
14-Mar-20,0,0,0,0,0,0
15-Mar-20,0,0,0,0,0,0
16-Mar-20,0,0,0,0,0,0
17-Mar-20,0,0,0,0,0,0
18-Mar-20,0,0,0,0,0,0
19-Mar-20,0,0,0,0,0,0
20-Mar-20,0,0,0,0,0,0
21-Mar-20,0,0,0,0,0,0
22-Mar-20,0,0,0,0,0,0
23-Mar-20,0,0,0,0,0,0
24-Mar-20,0,0,0,0,0,0
25-Mar-20,0,0,0,0,0,0
26-Mar-20,0,0,0,0,0,0
27-Mar-20,0,0,0,0,0,0
28-Mar-20,0,0,0,0,0,0
29-Mar-20,0,0,0,0,0,0
30-Mar-20,0,0,0,0,0,0
31-Mar-20,0,0,0,0,0,0
01-Apr-20,0,0,0,0,0,0
02-Apr-20,0,0,0,0,0,0
03-Apr-20,0,0,0,0,0,0
04-Apr-20,0,0,0,0,0,0
05-Apr-20,0,0,0,0,0,0
06-Apr-20,0,0,0,0,0,0
07-Apr-20,0,0,0,0,0,0
08-Apr-20,0,0,0,0,0,0
09-Apr-20,0,0,0,0,0,0
10-Apr-20,0,0,0,0,0,0
11-Apr-20,0,0,0,0,0,0
12-Apr-20,0,0,0,0,0,0
13-Apr-20,0,0,0,0,0,0
14-Apr-20,0,0,0,0,0,0
15-Apr-20,0,0,0,0,0,0
16-Apr-20,0,0,0,0,0,0
17-Apr-20,0,0,0,0,0,0
18-Apr-20,0,0,0,0,0,0
19-Apr-20,0,0,0,0,0,0
20-Apr-20,0,0,0,0,0,0
21-Apr-20,0,0,0,0,0,0
22-Apr-20,0,0,0,0,0,0
23-Apr-20,0,0,0,0,0,0
24-Apr-20,0,0,0,0,0,0
25-Apr-20,0,0,0,0,0,0
26-Apr-20,0,0,0,0,0,0
27-Apr-20,0,0,0,0,0,0
28-Apr-20,0,0,0,0,0,0
29-Apr-20,0,0,0,0,0,0
30-Apr-20,0,0,0,0,0,0
01-May-20,0,0,0,0,0,0
02-May-20,0,0,0,0,0,0
03-May-20,0,0,0,0,0,0
04-May-20,0,0,0,0,0,0
05-May-20,0,0,0,0,0,0
06-May-20,0,0,0,0,0,0
07-May-20,0,0,0,0,0,0
08-May-20,0,0,0,0,0,0
09-May-20,0,0,0,0,0,0
10-May-20,0,0,0,0,0,0
11-May-20,0,0,0,0,0,0
12-May-20,0,0,0,0,0,0
13-May-20,0,0,0,0,0,0
14-May-20,0,0,0,0,0,0
15-May-20,0,0,0,0,0,0
16-May-20,0,0,0,0,0,0
17-May-20,0,0,0,0,0,0
18-May-20,0,0,0,0,0,0
19-May-20,0,0,0,0,0,0
20-May-20,0,0,0,0,0,0
21-May-20,0,0,0,0,0,0
22-May-20,0,0,0,0,0,0
23-May-20,0,0,0,0,0,0
24-May-20,0,0,0,0,0,0
25-May-20,3,3,0,0,0,0
26-May-20,1,4,0,0,0,0
27-May-20,5,9,0,0,0,0
28-May-20,9,18,0,0,0,0
29-May-20,7,25,0,0,0,0
30-May-20,11,36,0,0,0,0
31-May-20,7,43,0,0,0,0
01-Jun-20,0,43,0,0,0,0
02-Jun-20,6,49,0,0,0,0
03-Jun-20,9,58,0,0,0,0
04-Jun-20,22,80,0,0,0,0
05-Jun-20,27,107,0,0,0,0
06-Jun-20,0,107,0,0,8,8
07-Jun-20,9,116,0,0,0,8
08-Jun-20,6,122,0,0,0,8
09-Jun-20,5,127,0,0,2,10
10-Jun-20,1,128,0,0,12,22
11-Jun-20,2,130,0,0,7,29
12-Jun-20,26,156,0,0,28,57
13-Jun-20,7,163,0,0,27,84
14-Jun-20,10,173,0,0,4,88
15-Jun-20,4,177,0,0,0,88
16-Jun-20,2,179,0,0,15,103
17-Jun-20,14,193,0,0,0,103
18-Jun-20,0,193,0,0,6,109
19-Jun-20,5,198,0,0,16,125
20-Jun-20,3,201,0,0,13,138
21-Jun-20,10,211,0,0,3,141
22-Jun-20,69,280,0,0,0,141
23-Jun-20,50,330,0,0,0,141
24-Jun-20,17,347,0,0,7,148
25-Jun-20,8,355,0,0,12,160
26-Jun-20,16,371,0,0,2,162
27-Jun-20,16,387,0,0,2,164
28-Jun-20,28,415,0,0,0,164
29-Jun-20,36,451,0,0,4,168
30-Jun-20,8,459,0,0,0,168
01-Jul-20,42,501,0,0,14,182
02-Jul-20,34,535,0,0,15,197
03-Jul-20,4,539,0,0,31,228
04-Jul-20,24,563,0,0,0,228
05-Jul-20,27,590,0,0,3,231
06-Jul-20,35,625,0,0,12,243
07-Jul-20,19,644,0,0,60,303
08-Jul-20,13,657,0,0,1,304
09-Jul-20,16,673,0,0,0,304
10-Jul-20,59,732,0,0,0,304
11-Jul-20,16,748,0,0,9,313
12-Jul-20,26,774,0,0,14,327
13-Jul-20,71,845,0,0,13,340
14-Jul-20,51,896,0,0,6,346
15-Jul-20,6,902,0,0,2,348
16-Jul-20,14,916,0,0,43,391
17-Jul-20,40,956,0,0,14,405
18-Jul-20,22,978,0,0,27,432
19-Jul-20,10,988,0,0,13,445
20-Jul-20,33,1021,0,0,39,484
21-Jul-20,9,1030,0,0,1,485
22-Jul-20,54,1084,0,0,1,486
23-Jul-20,90,1174,0,0,44,530
24-Jul-20,65,1239,1,1,7,537
25-Jul-20,50,1289,3,4,4,541
26-Jul-20,50,1339,0,4,8,549
27-Jul-20,46,1385,1,5,20,569
28-Jul-20,75,1460,-1,4,8,577
29-Jul-20,53,1513,0,4,18,595
30-Jul-20,53,1566,0,4,30,625
31-Jul-20,127,1693,0,4,10,635
01-Aug-20,138,1831,0,4,5,640
02-Aug-20,104,1935,0,4,8,648
03-Aug-20,194,2129,0,4,9,657
04-Aug-20,276,2405,0,4,2,659
05-Aug-20,93,2498,2,6,26,685
06-Aug-20,82,2580,0,6,134,819
07-Aug-20,77,2657,1,7,5,824
08-Aug-20,31,2688,0,7,69,893
09-Aug-20,93,2781,1,8,11,904
10-Aug-20,230,3011,0,8,69,973
11-Aug-20,20,3031,-1,7,12,985
12-Aug-20,87,3118,0,7,128,1113
13-Aug-20,50,3168,0,7,26,1139
14-Aug-20,154,3322,0,7,59,1198
15-Aug-20,18,3340,0,7,123,1321
16-Aug-20,54,3394,0,7,101,1422
17-Aug-20,61,3455,0,7,108,1530
18-Aug-20,65,3520,0,7,134,1664
19-Aug-20,38,3558,0,7,42,1706
20-Aug-20,25,3583,0,7,215,1921
21-Aug-20,36,3619,0,7,153,2074
22-Aug-20,16,3635,1,8,92,2166
23-Aug-20,51,3686,0,8,128,2294
24-Aug-20,28,3714,0,8,102,2396
25-Aug-20,38,3752,0,8,215,2611
26-Aug-20,26,3778,0,8,0,2611
27-Aug-20,6,3784,0,8,124,2735
28-Aug-20,21,3805,0,8,115,2850
29-Aug-20,46,3851,0,8,58,2908
30-Aug-20,71,3922,0,8,109,3017
31-Aug-20,28,3950,0,8,41,3058
01-Sep-20,53,4003,0,8,133,3191
02-Sep-20,14,4017,0,8,22,3213
03-Sep-20,49,4066,0,8,101,3314
04-Sep-20,41,4107,0,8,37,3351
05-Sep-20,21,4128,0,8,68,3419
06-Sep-20,50,4178,0,8,77,3496
07-Sep-20,42,4220,0,8,178,3674
08-Sep-20,25,4245,0,8,54,3728
09-Sep-20,130,4375,0,8,48,3776
10-Sep-20,261,4636,0,8,5,3781
11-Sep-20,310,4946,0,8,10,3791
12-Sep-20,118,5064,0,8,31,3822
13-Sep-20,19,5083,0,8,61,3883
14-Sep-20,131,5214,0,8,14,3897
15-Sep-20,15,5229,2,10,30,3927
