Date,New Cases,Total Cases,Daily Dead,Total Dead,Daily Recovered,Total Recovered
14-Mar-20,0,0,0,0,0,0
15-Mar-20,0,0,0,0,0,0
16-Mar-20,1,1,0,0,0,0
17-Mar-20,0,1,0,0,0,0
18-Mar-20,1,2,0,0,0,0
19-Mar-20,0,2,0,0,0,0
20-Mar-20,0,2,0,0,0,0
21-Mar-20,0,2,0,0,0,0
22-Mar-20,0,2,0,0,0,0
23-Mar-20,0,2,0,0,0,0
24-Mar-20,0,2,0,0,0,0
25-Mar-20,0,2,0,0,0,0
26-Mar-20,1,3,0,0,0,0
27-Mar-20,0,3,0,0,0,0
28-Mar-20,0,3,0,0,0,0
29-Mar-20,0,3,0,0,0,0
30-Mar-20,0,3,0,0,0,0
31-Mar-20,1,4,0,0,0,0
01-Apr-20,1,5,0,0,1,1
02-Apr-20,0,5,0,0,0,1
03-Apr-20,15,20,0,0,1,2
04-Apr-20,1,21,0,0,0,2
05-Apr-20,18,39,0,0,0,2
06-Apr-20,1,40,0,0,0,2
07-Apr-20,2,42,1,1,0,2
08-Apr-20,0,42,0,1,0,2
09-Apr-20,6,48,0,1,0,2
10-Apr-20,2,50,0,1,10,12
11-Apr-20,4,54,0,1,0,12
12-Apr-20,0,54,0,1,0,12
13-Apr-20,1,55,0,1,6,18
14-Apr-20,5,60,0,1,0,18
15-Apr-20,0,60,0,1,1,19
16-Apr-20,0,60,0,1,0,19
17-Apr-20,0,60,0,1,2,21
18-Apr-20,1,61,0,1,3,24
19-Apr-20,0,61,0,1,0,24
20-Apr-20,13,74,0,1,0,24
21-Apr-20,5,79,0,1,6,30
22-Apr-20,4,83,0,1,2,32
23-Apr-20,6,89,0,1,1,33
24-Apr-20,5,94,0,1,0,33
25-Apr-20,6,100,0,1,1,34
26-Apr-20,3,103,0,1,1,35
27-Apr-20,15,118,0,1,2,37
28-Apr-20,0,118,0,1,1,38
29-Apr-20,7,125,0,1,1,39
30-Apr-20,18,143,0,1,2,41
01-May-20,11,154,0,1,14,55
02-May-20,6,160,0,1,1,56
03-May-20,2,162,0,1,4,60
04-May-20,7,169,0,1,0,60
05-May-20,8,177,1,2,0,60
06-May-20,28,205,0,2,1,61
07-May-20,14,219,0,2,1,62
08-May-20,51,270,0,2,1,63
09-May-20,82,352,1,3,5,68
10-May-20,25,377,0,3,0,68
11-May-20,38,415,0,3,17,85
12-May-20,22,437,0,3,31,116
13-May-20,101,538,0,3,27,143
14-May-20,134,672,0,3,15,158
15-May-20,65,737,0,3,8,166
16-May-20,0,737,0,3,30,196
17-May-20,91,828,1,4,24,220
18-May-20,48,876,0,4,57,277
19-May-20,102,978,1,5,30,307
20-May-20,74,1052,1,6,36,343
21-May-20,51,1103,1,7,50,393
22-May-20,86,1189,0,7,43,436
23-May-20,80,1269,0,7,61,497
24-May-20,67,1336,0,7,53,550
25-May-20,102,1438,0,7,99,649
26-May-20,79,1517,0,7,84,733
27-May-20,76,1593,0,7,79,812
28-May-20,67,1660,0,7,75,887
29-May-20,63,1723,2,9,90,977
30-May-20,96,1819,0,9,73,1050
31-May-20,129,1948,0,9,76,1126
01-Jun-20,156,2104,0,9,119,1245
02-Jun-20,141,2245,0,9,80,1325
03-Jun-20,143,2388,0,9,91,1416
04-Jun-20,90,2478,0,9,65,1481
05-Jun-20,130,2608,1,10,123,1604
06-Jun-20,173,2781,0,10,112,1716
07-Jun-20,75,2856,1,11,178,1894
08-Jun-20,138,2994,0,11,99,1993
09-Jun-20,146,3140,0,11,140,2133
10-Jun-20,110,3250,0,11,149,2282
11-Jun-20,136,3386,1,12,72,2354
12-Jun-20,112,3498,1,13,120,2474
13-Jun-20,225,3723,0,13,120,2594
14-Jun-20,186,3909,1,14,114,2708
15-Jun-20,146,4055,0,14,146,2854
16-Jun-20,108,4163,0,14,120,2974
17-Jun-20,175,4338,0,14,73,3047
18-Jun-20,174,4512,0,14,97,3144
19-Jun-20,165,4677,0,14,153,3297
20-Jun-20,179,4856,1,15,237,3534
21-Jun-20,304,5160,4,19,186,3720
22-Jun-20,143,5303,2,21,143,3863
23-Jun-20,167,5470,3,24,125,3988
24-Jun-20,282,5752,0,24,135,4123
25-Jun-20,210,5962,0,24,168,4291
26-Jun-20,218,6180,0,24,131,4422
27-Jun-20,170,6350,1,25,184,4606
28-Jun-20,264,6614,3,28,137,4743
29-Jun-20,245,6859,2,30,203,4946
30-Jun-20,206,7065,2,32,243,5189
01-Jul-20,251,7316,1,33,164,5353
02-Jul-20,229,7545,2,35,149,5502
03-Jul-20,561,8106,2,37,203,5705
04-Jul-20,495,8601,6,43,229,5934
05-Jul-20,469,9070,3,46,290,6224
06-Jul-20,456,9526,2,48,262,6486
07-Jul-20,571,10097,6,54,217,6703
08-Jul-20,527,10624,7,61,303,7006
09-Jul-20,577,11201,6,67,401,7407
10-Jul-20,755,11956,6,73,565,7972
11-Jul-20,570,12526,6,79,388,8360
12-Jul-20,595,13121,5,84,390,8750
13-Jul-20,616,13737,7,91,505,9255
14-Jul-20,543,14280,5,96,609,9864
15-Jul-20,618,14898,5,101,612,10476
16-Jul-20,494,15392,2,103,401,10877
17-Jul-20,718,16110,6,109,453,11330
18-Jul-20,591,16701,3,112,607,11937
19-Jul-20,736,17437,7,119,516,12453
20-Jul-20,673,18110,6,125,457,12910
21-Jul-20,647,18757,8,133,400,13310
22-Jul-20,1078,19835,6,139,440,13750
23-Jul-20,1264,21099,6,145,643,14393
24-Jul-20,1594,22693,8,153,808,15201
25-Jul-20,1320,24013,10,163,728,15929
26-Jul-20,1376,25389,11,174,864,16793
27-Jul-20,1503,26892,7,181,581,17374
28-Jul-20,1215,28107,8,189,687,18061
29-Jul-20,1068,29175,6,195,878,18939
30-Jul-20,1203,30378,10,205,807,19746
31-Jul-20,1499,31877,9,214,772,20518
01-Aug-20,1602,33479,11,225,756,21274
02-Aug-20,1434,34913,11,236,681,21955
03-Aug-20,1384,36297,12,248,1119,23074
04-Aug-20,1384,37681,10,258,1409,24483
05-Aug-20,1337,39018,11,269,1255,25738
06-Aug-20,1699,40717,11,280,1150,26888
07-Aug-20,1833,42550,12,292,1810,28698
08-Aug-20,1643,44193,15,307,1544,30242
09-Aug-20,1734,45927,14,321,1543,31785
10-Aug-20,1528,47455,16,337,1236,33021
11-Aug-20,1341,48796,12,349,1785,34806
12-Aug-20,1876,50672,9,358,1673,36479
13-Aug-20,1981,52653,9,367,1422,37901
14-Aug-20,1977,54630,10,377,1305,39206
15-Aug-20,2496,57126,9,386,1521,40727
16-Aug-20,2924,60050,10,396,1550,42277
17-Aug-20,2244,62294,10,406,1503,43780
18-Aug-20,2239,64533,9,415,1535,45315
19-Aug-20,2589,67122,10,425,1621,46936
20-Aug-20,2898,70020,8,433,1641,48577
21-Aug-20,2698,72718,10,443,1927,50504
22-Aug-20,2819,75537,9,452,1773,52277
23-Aug-20,2993,78530,10,462,2129,54406
24-Aug-20,2949,81479,10,472,2519,56925
25-Aug-20,2752,84231,9,481,2545,59470
26-Aug-20,3371,87602,13,494,3343,62813
27-Aug-20,3384,90986,7,501,2510,65323
28-Aug-20,3682,94668,8,509,2503,67826
29-Aug-20,3252,97920,14,523,2888,70714
30-Aug-20,3014,100934,12,535,2519,73233
31-Aug-20,2602,103536,10,545,4053,77286
01-Sep-20,3025,106561,11,556,3484,80770
02-Sep-20,3219,109780,11,567,3303,84073
03-Sep-20,3631,113411,8,575,3278,87351
04-Sep-20,3267,116678,9,584,2980,90331
05-Sep-20,3543,120221,7,591,3443,93774
06-Sep-20,3810,124031,8,599,2590,96364
07-Sep-20,3861,127892,10,609,3034,99398
08-Sep-20,3490,131382,13,622,2787,102185
09-Sep-20,3748,135130,11,633,3110,105295
10-Sep-20,3991,139121,11,644,2706,108001
11-Sep-20,3996,143117,14,658,4061,112062
12-Sep-20,3777,146894,11,669,3217,115279
13-Sep-20,3913,150807,10,679,3363,118642
14-Sep-20,4198,155005,11,690,3382,122024
15-Sep-20,3645,158650,8,698,3714,125738
