Date,New Cases,Total Cases,Daily Dead,Total Dead,Daily Recovered,Total Recovered
14-Mar-20,0,0,0,0,0,0
15-Mar-20,0,0,0,0,0,0
16-Mar-20,1,1,0,0,0,0
17-Mar-20,0,1,0,0,0,0
18-Mar-20,0,1,0,0,0,0
19-Mar-20,0,1,0,0,0,0
20-Mar-20,0,1,0,0,0,0
21-Mar-20,0,1,0,0,0,0
22-Mar-20,0,1,0,0,0,0
23-Mar-20,0,1,0,0,0,0
24-Mar-20,0,1,0,0,0,0
25-Mar-20,0,1,0,0,0,0
26-Mar-20,0,1,0,0,0,0
27-Mar-20,0,1,0,0,0,0
28-Mar-20,0,1,0,0,0,0
29-Mar-20,0,1,0,0,0,0
30-Mar-20,0,1,0,0,0,0
31-Mar-20,0,1,0,0,0,0
01-Apr-20,2,3,0,0,0,0
02-Apr-20,2,5,0,0,0,0
03-Apr-20,0,5,0,0,0,0
04-Apr-20,0,5,0,0,0,0
05-Apr-20,0,5,0,0,0,0
06-Apr-20,0,5,0,0,0,0
07-Apr-20,0,5,0,0,1,1
08-Apr-20,0,5,0,0,0,1
09-Apr-20,0,5,0,0,0,1
10-Apr-20,2,7,0,0,0,1
11-Apr-20,0,7,0,0,0,1
12-Apr-20,0,7,0,0,0,1
13-Apr-20,0,7,0,0,0,1
14-Apr-20,0,7,0,0,0,1
15-Apr-20,0,7,0,0,0,1
16-Apr-20,0,7,0,0,0,1
17-Apr-20,0,7,0,0,0,1
18-Apr-20,0,7,0,0,3,4
19-Apr-20,0,7,0,0,0,4
20-Apr-20,0,7,0,0,0,4
21-Apr-20,0,7,0,0,0,4
22-Apr-20,0,7,0,0,0,4
23-Apr-20,0,7,0,0,0,4
24-Apr-20,0,7,0,0,0,4
25-Apr-20,1,8,0,0,0,4
26-Apr-20,0,8,0,0,0,4
27-Apr-20,0,8,0,0,1,5
28-Apr-20,0,8,0,0,0,5
29-Apr-20,0,8,0,0,0,5
30-Apr-20,0,8,0,0,0,5
01-May-20,0,8,0,0,0,5
02-May-20,1,9,0,0,0,5
03-May-20,0,9,0,0,1,6
04-May-20,0,9,0,0,0,6
05-May-20,0,9,0,0,0,6
06-May-20,0,9,0,0,0,6
07-May-20,0,9,0,0,0,6
08-May-20,1,10,0,0,2,8
09-May-20,0,10,0,0,0,8
10-May-20,2,12,0,0,1,9
11-May-20,0,12,0,0,0,9
12-May-20,0,12,0,0,0,9
13-May-20,1,13,0,0,0,9
14-May-20,3,16,0,0,0,9
15-May-20,0,16,0,0,0,9
16-May-20,1,17,0,0,0,9
17-May-20,0,17,0,0,0,9
18-May-20,0,17,0,0,0,9
19-May-20,5,22,0,0,1,10
20-May-20,1,23,0,0,0,10
21-May-20,0,23,0,0,0,10
22-May-20,3,26,0,0,0,10
23-May-20,0,26,0,0,0,10
24-May-20,15,41,0,0,2,12
25-May-20,8,49,0,0,5,17
26-May-20,0,49,0,0,0,17
27-May-20,0,49,0,0,0,17
28-May-20,4,53,0,0,0,17
29-May-20,4,57,0,0,6,23
30-May-20,0,57,0,0,0,23
31-May-20,13,70,0,0,2,25
01-Jun-20,9,79,0,0,0,25
02-Jun-20,0,79,0,0,0,25
03-Jun-20,11,90,0,0,8,33
04-Jun-20,9,99,0,0,4,37
05-Jun-20,5,104,0,0,6,43
06-Jun-20,3,107,0,0,5,48
07-Jun-20,12,119,0,0,1,49
08-Jun-20,9,128,0,0,4,53
09-Jun-20,4,132,0,0,2,55
10-Jun-20,12,144,0,0,5,60
11-Jun-20,13,157,2,2,7,67
12-Jun-20,6,163,1,3,9,76
13-Jun-20,13,176,0,3,6,82
14-Jun-20,18,194,1,4,9,91
15-Jun-20,8,202,0,4,4,95
16-Jun-20,14,216,0,4,4,99
17-Jun-20,29,245,1,5,10,109
18-Jun-20,26,271,1,6,7,116
19-Jun-20,16,287,1,7,2,118
20-Jun-20,51,338,0,7,13,131
21-Jun-20,28,366,1,8,9,140
22-Jun-20,17,383,0,8,9,149
23-Jun-20,19,402,1,9,16,165
24-Jun-20,59,461,0,9,11,176
25-Jun-20,41,502,0,9,11,187
26-Jun-20,32,534,0,9,16,203
27-Jun-20,85,619,1,10,18,221
28-Jun-20,29,648,1,11,31,252
29-Jun-20,42,690,0,11,10,262
30-Jun-20,24,714,1,12,10,272
01-Jul-20,25,739,0,12,29,301
02-Jul-20,63,802,0,12,30,331
03-Jul-20,22,824,1,13,53,384
04-Jul-20,80,904,1,14,21,405
05-Jul-20,42,946,0,14,43,448
06-Jul-20,65,1011,0,14,32,480
07-Jul-20,32,1043,0,14,37,517
08-Jul-20,110,1153,0,14,67,584
09-Jul-20,49,1202,2,16,35,619
10-Jul-20,72,1274,1,17,18,637
11-Jul-20,65,1339,1,18,53,690
12-Jul-20,81,1420,0,18,49,739
13-Jul-20,50,1470,0,18,46,785
14-Jul-20,63,1533,0,18,44,829
15-Jul-20,65,1598,3,21,60,889
16-Jul-20,147,1745,1,22,58,947
17-Jul-20,89,1834,3,25,67,1014
18-Jul-20,58,1892,3,28,48,1062
19-Jul-20,109,2001,0,28,92,1154
20-Jul-20,93,2094,1,29,111,1265
21-Jul-20,87,2181,1,30,53,1318
22-Jul-20,121,2302,1,31,51,1369
23-Jul-20,120,2422,3,34,31,1400
24-Jul-20,95,2517,1,35,83,1483
25-Jul-20,139,2656,3,38,78,1561
26-Jul-20,133,2789,2,40,84,1645
27-Jul-20,85,2874,3,43,75,1720
28-Jul-20,139,3013,4,47,62,1782
29-Jul-20,166,3179,0,47,92,1874
30-Jul-20,121,3300,1,48,84,1958
31-Jul-20,174,3474,1,49,142,2100
01-Aug-20,134,3608,2,51,98,2198
02-Aug-20,200,3808,1,52,111,2309
03-Aug-20,176,3984,4,56,102,2411
04-Aug-20,165,4149,2,58,126,2537
05-Aug-20,286,4435,7,65,131,2668
06-Aug-20,188,4623,5,70,140,2808
07-Aug-20,241,4864,5,75,106,2914
08-Aug-20,261,5125,5,80,140,3054
09-Aug-20,259,5384,7,87,147,3201
10-Aug-20,242,5626,2,89,154,3355
11-Aug-20,276,5902,2,91,177,3532
12-Aug-20,481,6383,5,96,144,3676
13-Aug-20,299,6682,6,102,152,3828
14-Aug-20,315,6997,4,106,181,4009
15-Aug-20,359,7356,0,106,215,4224
16-Aug-20,378,7734,4,110,219,4443
17-Aug-20,297,8031,4,114,184,4627
18-Aug-20,367,8398,9,123,282,4909
19-Aug-20,356,8754,6,129,403,5312
20-Aug-20,540,9294,8,137,322,5634
21-Aug-20,302,9596,6,143,300,5934
22-Aug-20,518,10114,8,151,373,6307
23-Aug-20,410,10524,8,159,350,6657
24-Aug-20,337,10861,5,164,285,6942
25-Aug-20,567,11428,8,172,331,7273
26-Aug-20,504,11932,8,180,213,7486
27-Aug-20,504,12436,10,190,275,7761
28-Aug-20,590,13026,9,199,319,8080
29-Aug-20,532,13558,12,211,431,8511
30-Aug-20,571,14129,10,221,457,8968
31-Aug-20,284,14413,7,228,366,9334
01-Sep-20,355,14768,12,240,341,9675
02-Sep-20,391,15159,13,253,293,9968
03-Sep-20,424,15583,7,260,311,10279
04-Sep-20,591,16174,20,280,395,10674
05-Sep-20,394,16568,18,298,433,11107
06-Sep-20,466,17034,16,314,525,11632
07-Sep-20,284,17318,11,325,503,12135
08-Sep-20,433,17751,12,337,446,12581
09-Sep-20,335,18086,10,347,386,12967
10-Sep-20,452,18538,6,353,422,13389
11-Sep-20,490,19028,12,365,394,13783
12-Sep-20,419,19447,5,370,445,14228
13-Sep-20,388,19835,15,385,342,14570
14-Sep-20,393,20228,9,394,457,15027
15-Sep-20,375,20603,11,405,495,15522
