Date,New Cases,Total Cases,Daily Dead,Total Dead,Daily Recovered,Total Recovered
14-Mar-20,1,1,0,0,0,0
15-Mar-20,0,1,0,0,0,0
16-Mar-20,0,1,0,0,0,0
17-Mar-20,0,1,0,0,0,0
18-Mar-20,1,2,0,0,0,0
19-Mar-20,0,2,1,1,0,0
20-Mar-20,1,3,0,1,0,0
21-Mar-20,10,13,0,1,0,0
22-Mar-20,8,21,0,1,0,0
23-Mar-20,2,23,0,1,0,0
24-Mar-20,6,29,0,1,0,0
25-Mar-20,2,31,0,1,0,0
26-Mar-20,2,33,0,1,0,0
27-Mar-20,5,38,0,1,1,1
28-Mar-20,0,38,0,1,0,1
29-Mar-20,0,38,0,1,0,1
30-Mar-20,3,41,2,3,0,1
31-Mar-20,1,42,1,4,0,1
01-Apr-20,4,46,0,4,0,1
02-Apr-20,1,47,1,5,0,1
03-Apr-20,6,53,0,5,0,1
04-Apr-20,12,65,0,5,2,3
05-Apr-20,3,68,2,7,1,4
06-Apr-20,11,79,0,7,0,4
07-Apr-20,20,99,1,8,10,14
08-Apr-20,7,106,1,9,0,14
09-Apr-20,24,130,1,10,4,18
10-Apr-20,21,151,1,11,2,20
11-Apr-20,7,158,1,12,0,20
12-Apr-20,12,170,0,12,3,23
13-Apr-20,6,176,0,12,2,25
14-Apr-20,8,184,1,13,2,27
15-Apr-20,2,186,0,13,0,27
16-Apr-20,11,197,1,14,2,29
17-Apr-20,14,211,0,14,1,30
18-Apr-20,23,234,2,16,1,31
19-Apr-20,10,244,0,16,6,37
20-Apr-20,1,245,0,16,1,38
21-Apr-20,6,251,0,16,11,49
22-Apr-20,27,278,0,16,4,53
23-Apr-20,5,283,1,17,13,66
24-Apr-20,15,298,0,17,4,70
25-Apr-20,10,308,0,17,2,72
26-Apr-20,14,322,1,18,12,84
27-Apr-20,8,330,1,19,14,98
28-Apr-20,12,342,0,19,3,101
29-Apr-20,33,375,0,19,0,101
30-Apr-20,105,480,1,20,3,104
01-May-20,105,585,0,20,4,108
02-May-20,187,772,0,20,4,112
03-May-20,330,1102,1,21,5,117
04-May-20,130,1232,2,23,11,128
05-May-20,219,1451,2,25,5,133
06-May-20,75,1526,2,27,2,135
07-May-20,118,1644,1,28,14,149
08-May-20,87,1731,1,29,3,152
09-May-20,31,1762,2,31,5,157
10-May-20,61,1823,0,31,9,166
11-May-20,54,1877,0,31,2,168
12-May-20,37,1914,1,32,3,171
13-May-20,10,1924,0,32,29,200
14-May-20,11,1935,0,32,23,223
15-May-20,-3,1932,0,32,82,305
16-May-20,14,1946,0,32,952,1257
17-May-20,18,1964,3,35,109,1366
18-May-20,16,1980,2,37,181,1547
19-May-20,22,2002,1,38,95,1642
20-May-20,3,2005,0,38,152,1794
21-May-20,23,2028,1,39,25,1819
22-May-20,1,2029,0,39,28,1847
23-May-20,16,2045,0,39,23,1870
24-May-20,15,2060,1,40,28,1898
25-May-20,21,2081,0,40,15,1913
26-May-20,25,2106,0,40,5,1918
27-May-20,33,2139,0,40,0,1918
28-May-20,19,2158,0,40,28,1946
29-May-20,39,2197,2,42,3,1949
30-May-20,36,2233,2,44,18,1967
31-May-20,30,2263,1,45,20,1987
01-Jun-20,38,2301,-1,44,13,2000
02-Jun-20,41,2342,2,46,17,2017
03-Jun-20,34,2376,1,47,12,2029
04-Jun-20,39,2415,0,47,14,2043
05-Jun-20,46,2461,1,48,26,2069
06-Jun-20,54,2515,2,50,23,2092
07-Jun-20,93,2608,1,51,14,2106
08-Jun-20,55,2663,2,53,22,2128
09-Jun-20,56,2719,2,55,39,2167
10-Jun-20,86,2805,0,55,65,2232
11-Jun-20,82,2887,4,59,27,2259
12-Jun-20,99,2986,4,63,23,2282
13-Jun-20,77,3063,2,65,45,2327
14-Jun-20,77,3140,2,67,29,2356
15-Jun-20,127,3267,4,71,87,2443
16-Jun-20,104,3371,1,72,18,2461
17-Jun-20,126,3497,6,78,77,2538
18-Jun-20,118,3615,5,83,32,2570
19-Jun-20,217,3832,9,92,66,2636
20-Jun-20,120,3952,6,98,42,2678
21-Jun-20,122,4074,1,99,22,2700
22-Jun-20,161,4235,2,101,125,2825
23-Jun-20,162,4397,4,105,222,3047
24-Jun-20,230,4627,8,113,52,3099
25-Jun-20,142,4769,7,120,93,3192
26-Jun-20,188,4957,2,122,9,3201
27-Jun-20,99,5056,6,128,119,3320
28-Jun-20,160,5216,5,133,206,3526
29-Jun-20,202,5418,5,138,238,3764
30-Jun-20,150,5568,6,144,103,3867
01-Jul-20,100,5668,5,149,122,3989
02-Jul-20,116,5784,3,152,155,4144
03-Jul-20,153,5937,5,157,122,4266
04-Jul-20,172,6109,5,162,40,4306
05-Jul-20,174,6283,2,164,102,4408
06-Jul-20,208,6491,5,169,86,4494
07-Jul-20,258,6749,6,175,60,4554
08-Jul-20,158,6907,3,178,274,4828
09-Jul-20,233,7140,5,183,117,4945
10-Jul-20,217,7357,4,187,72,5017
11-Jul-20,230,7587,8,195,23,5040
12-Jul-20,234,7821,4,199,352,5392
13-Jul-20,357,8178,5,204,194,5586
14-Jul-20,333,8511,9,213,77,5663
15-Jul-20,288,8799,8,221,204,5867
16-Jul-20,295,9094,9,230,410,6277
17-Jul-20,348,9442,9,239,96,6373
18-Jul-20,350,9792,7,246,81,6454
19-Jul-20,308,10100,8,254,81,6535
20-Jul-20,410,10510,8,262,583,7118
21-Jul-20,379,10889,1,263,271,7389
22-Jul-20,412,11301,6,269,252,7641
23-Jul-20,438,11739,8,277,100,7741
24-Jul-20,477,12216,5,282,355,8096
25-Jul-20,468,12684,9,291,201,8297
26-Jul-20,534,13218,15,306,513,8810
27-Jul-20,551,13769,12,318,254,9064
28-Jul-20,609,14378,18,336,688,9752
29-Jul-20,568,14946,25,361,461,10213
30-Jul-20,510,15456,9,370,296,10509
31-Jul-20,663,16119,16,386,225,10734
01-Aug-20,944,17063,19,405,341,11075
02-Aug-20,790,17853,18,423,391,11466
03-Aug-20,674,18527,19,442,416,11882
04-Aug-20,488,19015,20,462,609,12491
05-Aug-20,841,19856,29,491,452,12943
06-Aug-20,1035,20891,26,517,716,13659
07-Aug-20,1039,21930,22,539,381,14040
08-Aug-20,998,22928,23,562,820,14860
09-Aug-20,975,23903,24,586,459,15319
10-Aug-20,986,24889,18,604,416,15735
11-Aug-20,1000,25889,32,636,1055,16790
12-Aug-20,1020,26909,39,675,422,17212
13-Aug-20,1027,27936,31,706,627,17839
14-Aug-20,1077,29013,25,731,489,18328
15-Aug-20,1028,30041,40,771,535,18863
16-Aug-20,1165,31206,41,812,568,19431
17-Aug-20,1489,32695,50,862,749,20180
18-Aug-20,1705,34400,36,898,1582,21762
19-Aug-20,1683,36083,22,920,941,22703
20-Aug-20,1741,37824,37,957,334,23037
21-Aug-20,1503,39327,34,991,856,23893
22-Aug-20,1316,40643,45,1036,409,24302
23-Aug-20,1136,41779,50,1086,2226,26528
24-Aug-20,1505,43284,43,1129,1829,28357
25-Aug-20,1293,44577,49,1178,788,29145
26-Aug-20,1513,46090,41,1219,1086,30231
27-Aug-20,1746,47836,37,1256,741,30972
28-Aug-20,1542,49378,51,1307,2036,33008
29-Aug-20,1470,50848,41,1348,1083,34091
30-Aug-20,1678,52526,56,1404,1656,35747
31-Aug-20,1466,53992,49,1453,1280,37027
01-Sep-20,1516,55508,59,1512,1120,38147
02-Sep-20,1481,56989,106,1618,1595,39742
03-Sep-20,1526,58515,72,1690,1529,41271
04-Sep-20,1498,60013,49,1739,1272,42543
05-Sep-20,1514,61527,69,1808,1306,43849
06-Sep-20,1946,63473,54,1862,1606,45455
07-Sep-20,2110,65583,61,1923,1565,47020
08-Sep-20,1964,67547,67,1990,2307,49327
09-Sep-20,2137,69684,71,2061,1231,50558
10-Sep-20,2459,72143,88,2149,1348,51906
11-Sep-20,2473,74616,63,2212,1402,53308
12-Sep-20,2441,77057,76,2288,2077,55385
13-Sep-20,2622,79679,68,2356,2151,57536
14-Sep-20,2421,82100,67,2423,1448,58984
15-Sep-20,2382,84482,91,2514,1830,60814
