Date,New Cases,Total Cases,Daily Dead,Total Dead,Daily Recovered,Total Recovered
14-Mar-20,0,0,0,0,0,0
15-Mar-20,0,0,0,0,0,0
16-Mar-20,0,0,0,0,0,0
17-Mar-20,0,0,0,0,0,0
18-Mar-20,0,0,0,0,0,0
19-Mar-20,0,0,0,0,0,0
20-Mar-20,0,0,0,0,0,0
21-Mar-20,0,0,0,0,0,0
22-Mar-20,0,0,0,0,0,0
23-Mar-20,0,0,0,0,0,0
24-Mar-20,0,0,0,0,0,0
25-Mar-20,0,0,0,0,0,0
26-Mar-20,0,0,0,0,0,0
27-Mar-20,0,0,0,0,0,0
28-Mar-20,0,0,0,0,0,0
29-Mar-20,0,0,0,0,0,0
30-Mar-20,0,0,0,0,0,0
31-Mar-20,0,0,0,0,0,0
01-Apr-20,0,0,0,0,0,0
02-Apr-20,0,0,0,0,0,0
03-Apr-20,0,0,0,0,0,0
04-Apr-20,0,0,0,0,0,0
05-Apr-20,0,0,0,0,0,0
06-Apr-20,0,0,0,0,0,0
07-Apr-20,0,0,0,0,0,0
08-Apr-20,0,0,0,0,0,0
09-Apr-20,0,0,0,0,0,0
10-Apr-20,0,0,0,0,0,0
11-Apr-20,0,0,0,0,0,0
12-Apr-20,0,0,0,0,0,0
13-Apr-20,0,0,0,0,0,0
14-Apr-20,0,0,0,0,0,0
15-Apr-20,0,0,0,0,0,0
16-Apr-20,0,0,0,0,0,0
17-Apr-20,0,0,0,0,0,0
18-Apr-20,0,0,0,0,0,0
19-Apr-20,0,0,0,0,0,0
20-Apr-20,0,0,0,0,0,0
21-Apr-20,0,0,0,0,0,0
22-Apr-20,0,0,0,0,0,0
23-Apr-20,0,0,0,0,0,0
24-Apr-20,0,0,0,0,0,0
25-Apr-20,0,0,0,0,0,0
26-Apr-20,0,0,0,0,0,0
27-Apr-20,0,0,0,0,0,0
28-Apr-20,0,0,0,0,0,0
29-Apr-20,0,0,0,0,0,0
30-Apr-20,0,0,0,0,0,0
01-May-20,0,0,0,0,0,0
02-May-20,0,0,0,0,0,0
03-May-20,0,0,0,0,0,0
04-May-20,0,0,0,0,0,0
05-May-20,0,0,0,0,0,0
06-May-20,0,0,0,0,0,0
07-May-20,0,0,0,0,0,0
08-May-20,0,0,0,0,0,0
09-May-20,0,0,0,0,0,0
10-May-20,0,0,0,0,0,0
11-May-20,0,0,0,0,0,0
12-May-20,0,0,0,0,0,0
13-May-20,0,0,0,0,0,0
14-May-20,0,0,0,0,0,0
15-May-20,0,0,0,0,0,0
16-May-20,0,0,0,0,0,0
17-May-20,0,0,0,0,0,0
18-May-20,0,0,0,0,0,0
19-May-20,0,0,0,0,0,0
20-May-20,0,0,0,0,0,0
21-May-20,0,0,0,0,0,0
22-May-20,0,0,0,0,0,0
23-May-20,1,1,0,0,0,0
24-May-20,0,1,0,0,0,0
25-May-20,0,1,0,0,0,0
26-May-20,0,1,0,0,0,0
27-May-20,0,1,0,0,0,0
28-May-20,0,1,0,0,0,0
29-May-20,0,1,0,0,0,0
30-May-20,0,1,0,0,0,0
31-May-20,0,1,0,0,0,0
01-Jun-20,0,1,0,0,0,0
02-Jun-20,0,1,0,0,0,0
03-Jun-20,1,2,0,0,0,0
04-Jun-20,0,2,0,0,0,0
05-Jun-20,1,3,0,0,0,0
06-Jun-20,4,7,0,0,0,0
07-Jun-20,0,7,0,0,0,0
08-Jun-20,0,7,0,0,0,0
09-Jun-20,6,13,0,0,3,3
10-Jun-20,0,13,0,0,0,3
11-Jun-20,0,13,0,0,0,3
12-Jun-20,50,63,0,0,0,3
13-Jun-20,0,63,0,0,2,5
14-Jun-20,5,68,0,0,0,5
15-Jun-20,0,68,0,0,0,5
16-Jun-20,0,68,0,0,0,5
17-Jun-20,2,70,0,0,0,5
18-Jun-20,0,70,0,0,1,6
19-Jun-20,0,70,0,0,16,22
20-Jun-20,0,70,0,0,0,22
21-Jun-20,8,78,0,0,4,26
22-Jun-20,0,78,0,0,4,30
23-Jun-20,1,79,0,0,0,30
24-Jun-20,4,83,0,0,10,40
25-Jun-20,2,85,0,0,0,40
26-Jun-20,2,87,0,0,0,40
27-Jun-20,0,87,0,0,10,50
28-Jun-20,1,88,0,0,0,50
29-Jun-20,0,88,0,0,0,50
30-Jun-20,0,88,0,0,1,51
01-Jul-20,1,89,0,0,2,53
02-Jul-20,12,101,0,0,0,53
03-Jul-20,1,102,0,0,0,53
04-Jul-20,1,103,0,0,0,53
05-Jul-20,22,125,0,0,9,62
06-Jul-20,0,125,0,0,4,66
07-Jul-20,2,127,0,0,0,66
08-Jul-20,6,133,0,0,6,72
09-Jul-20,1,134,0,0,0,72
10-Jul-20,0,134,0,0,9,81
11-Jul-20,26,160,0,0,0,81
12-Jul-20,4,164,0,0,1,82
13-Jul-20,2,166,0,0,6,88
14-Jul-20,45,211,0,0,-1,87
15-Jul-20,11,222,0,0,1,88
16-Jul-20,13,235,0,0,0,88
17-Jul-20,32,267,0,0,1,89
18-Jul-20,19,286,0,0,2,91
19-Jul-20,10,296,0,0,0,91
20-Jul-20,22,318,0,0,2,93
21-Jul-20,25,343,0,0,16,109
22-Jul-20,108,451,0,0,4,113
23-Jul-20,22,473,0,0,10,123
24-Jul-20,17,490,0,0,15,138
25-Jul-20,22,512,0,0,5,143
26-Jul-20,46,558,1,1,5,148
27-Jul-20,10,568,0,1,27,175
28-Jul-20,24,592,0,1,12,187
29-Jul-20,17,609,0,1,12,199
30-Jul-20,14,623,0,1,16,215
31-Jul-20,29,652,0,1,17,232
01-Aug-20,11,663,0,1,38,270
02-Aug-20,8,671,0,1,20,290
03-Aug-20,30,701,0,1,8,298
04-Aug-20,95,796,0,1,2,300
05-Aug-20,17,813,0,1,4,304
06-Aug-20,29,842,0,1,50,354
07-Aug-20,25,867,0,1,53,407
08-Aug-20,6,873,0,1,11,418
09-Aug-20,6,879,0,1,80,498
10-Aug-20,44,923,0,1,13,511
11-Aug-20,3,926,0,1,24,535
12-Aug-20,17,943,0,1,16,551
13-Aug-20,1,944,0,1,31,582
14-Aug-20,149,1093,0,1,42,624
15-Aug-20,68,1161,0,1,38,662
16-Aug-20,19,1180,0,1,12,674
17-Aug-20,20,1200,0,1,28,702
18-Aug-20,20,1220,1,2,54,756
19-Aug-20,25,1245,1,3,34,790
20-Aug-20,58,1303,0,3,38,828
21-Aug-20,46,1349,0,3,7,835
22-Aug-20,45,1394,0,3,37,872
23-Aug-20,22,1416,0,3,0,872
24-Aug-20,43,1459,0,3,63,935
25-Aug-20,29,1488,0,3,120,1055
26-Aug-20,11,1499,0,3,22,1077
27-Aug-20,56,1555,0,3,75,1152
28-Aug-20,34,1589,0,3,33,1185
29-Aug-20,26,1615,0,3,11,1196
30-Aug-20,25,1640,0,3,25,1221
31-Aug-20,25,1665,0,3,5,1226
01-Sep-20,18,1683,1,4,12,1238
02-Sep-20,34,1717,0,4,23,1261
03-Sep-20,34,1751,1,5,44,1305
04-Sep-20,105,1856,0,5,17,1322
05-Sep-20,58,1914,0,5,26,1348
06-Sep-20,9,1923,0,5,24,1372
07-Sep-20,29,1952,0,5,25,1397
08-Sep-20,19,1971,2,7,17,1414
09-Sep-20,31,2002,0,7,16,1430
10-Sep-20,20,2022,0,7,41,1471
11-Sep-20,17,2039,4,11,16,1487
12-Sep-20,29,2068,2,13,17,1504
13-Sep-20,0,2068,0,13,0,1504
14-Sep-20,33,2101,0,13,16,1520
15-Sep-20,54,2155,4,17,169,1689
