Date,New Cases,Total Cases,Daily Dead,Total Dead,Daily Recovered,Total Recovered
14-Mar-20,1,1,0,0,0,0
15-Mar-20,0,1,0,0,0,0
16-Mar-20,0,1,0,0,1,1
17-Mar-20,0,1,0,0,0,1
18-Mar-20,1,2,0,0,0,1
19-Mar-20,1,3,0,0,0,1
20-Mar-20,0,3,0,0,0,1
21-Mar-20,3,6,0,0,0,1
22-Mar-20,3,9,0,0,0,1
23-Mar-20,3,12,0,0,0,1
24-Mar-20,6,18,1,1,0,1
25-Mar-20,8,26,0,1,0,1
26-Mar-20,3,29,0,1,0,1
27-Mar-20,9,38,0,1,1,2
28-Mar-20,4,42,0,1,0,2
29-Mar-20,8,50,0,1,0,2
30-Mar-20,17,67,0,1,2,4
31-Mar-20,57,124,0,1,2,6
01-Apr-20,110,234,0,1,0,6
02-Apr-20,75,309,0,1,0,6
03-Apr-20,102,411,0,1,0,6
04-Apr-20,74,485,2,3,2,8
05-Apr-20,86,571,2,5,0,8
06-Apr-20,50,621,1,6,5,13
07-Apr-20,69,690,1,7,6,19
08-Apr-20,48,738,1,8,2,21
09-Apr-20,96,834,0,8,6,27
10-Apr-20,77,911,1,9,17,44
11-Apr-20,58,969,1,10,0,44
12-Apr-20,106,1075,1,11,6,50
13-Apr-20,98,1173,0,11,8,58
14-Apr-20,31,1204,1,12,23,81
15-Apr-20,38,1242,2,14,37,118
16-Apr-20,25,1267,1,15,62,180
17-Apr-20,56,1323,0,15,103,283
18-Apr-20,49,1372,0,15,82,365
19-Apr-20,105,1477,0,15,46,411
20-Apr-20,43,1520,2,17,46,457
21-Apr-20,76,1596,1,18,178,635
22-Apr-20,33,1629,0,18,27,662
23-Apr-20,54,1683,2,20,90,752
24-Apr-20,72,1755,2,22,114,866
25-Apr-20,66,1821,1,23,94,960
26-Apr-20,64,1885,1,24,60,1020
27-Apr-20,52,1937,0,24,54,1074
28-Apr-20,121,2058,1,25,54,1128
29-Apr-20,104,2162,2,27,82,1210
30-Apr-20,161,2323,0,27,48,1258
01-May-20,203,2526,1,28,54,1312
02-May-20,231,2757,1,29,29,1341
03-May-20,266,3023,1,30,38,1379
04-May-20,527,3550,1,31,30,1409
05-May-20,508,4058,2,33,76,1485
06-May-20,771,4829,2,35,31,1516
07-May-20,580,5409,2,37,31,1547
08-May-20,600,6009,3,40,58,1605
09-May-20,526,6535,4,44,219,1824
10-May-20,669,7204,3,47,135,1959
11-May-20,798,8002,6,53,92,2051
12-May-20,716,8718,8,61,83,2134
13-May-20,509,9227,3,64,41,2175
14-May-20,447,9674,2,66,65,2240
15-May-20,434,10108,5,71,359,2599
16-May-20,477,10585,4,75,939,3538
17-May-20,639,11224,4,79,634,4172
18-May-20,536,11760,3,82,234,4406
19-May-20,688,12448,3,85,489,4895
20-May-20,743,13191,3,88,987,5882
21-May-20,776,13967,7,95,400,6282
22-May-20,786,14753,4,99,846,7128
23-May-20,759,15512,5,104,363,7491
24-May-20,765,16277,8,112,833,8324
25-May-20,805,17082,7,119,407,8731
26-May-20,646,17728,11,130,611,9342
27-May-20,817,18545,6,136,567,9909
28-May-20,827,19372,12,148,639,10548
29-May-20,874,20246,9,157,765,11313
30-May-20,938,21184,6,163,687,12000
31-May-20,1149,22333,13,176,757,12757
01-Jun-20,1162,23495,11,187,413,13170
02-Jun-20,1091,24586,13,200,536,13706
03-Jun-20,1286,25872,8,208,610,14316
04-Jun-20,1384,27256,15,223,585,14901
05-Jun-20,1438,28694,12,235,861,15762
06-Jun-20,1458,30152,19,254,633,16395
07-Jun-20,1515,31667,18,272,604,16999
08-Jun-20,1562,33229,17,289,528,17527
09-Jun-20,1685,34914,18,307,798,18325
10-Jun-20,1927,36841,19,326,1008,19333
11-Jun-20,1875,38716,23,349,1372,20705
12-Jun-20,1982,40698,18,367,1342,22047
13-Jun-20,1989,42687,30,397,1362,23409
14-Jun-20,1974,44661,38,435,1138,24547
15-Jun-20,1843,46504,44,479,797,25344
16-Jun-20,1515,48019,49,528,1438,26782
17-Jun-20,2174,50193,48,576,842,27624
18-Jun-20,2141,52334,49,625,1017,28641
19-Jun-20,2115,54449,41,666,1630,30271
20-Jun-20,2396,56845,38,704,1045,31316
21-Jun-20,2532,59377,53,757,1438,32754
22-Jun-20,2710,62087,37,794,1358,34112
23-Jun-20,2516,64603,39,833,1227,35339
24-Jun-20,2865,67468,33,866,2424,37763
25-Jun-20,3509,70977,45,911,2236,39999
26-Jun-20,3645,74622,46,957,1358,41357
27-Jun-20,3713,78335,68,1025,2737,44094
28-Jun-20,3940,82275,54,1079,1443,45537
29-Jun-20,3949,86224,62,1141,2212,47749
30-Jun-20,3943,90167,60,1201,2325,50074
01-Jul-20,3882,94049,63,1264,2852,52926
02-Jul-20,4343,98392,57,1321,3095,56021
03-Jul-20,4329,102721,64,1385,2357,58378
04-Jul-20,4280,107001,65,1450,2214,60592
05-Jul-20,4150,111151,60,1510,2186,62778
06-Jul-20,3827,114978,61,1571,3793,66571
07-Jul-20,3616,118594,65,1636,4545,71116
08-Jul-20,3756,122350,64,1700,3051,74167
09-Jul-20,4231,126581,65,1765,3994,78161
10-Jul-20,3680,130261,64,1829,4163,82324
11-Jul-20,3965,134226,69,1898,3591,85915
12-Jul-20,4244,138470,68,1966,3617,89532
13-Jul-20,4328,142798,66,2032,3035,92567
14-Jul-20,4526,147324,67,2099,4743,97310
15-Jul-20,4496,151820,68,2167,5000,102310
16-Jul-20,4549,156369,69,2236,5106,107416
17-Jul-20,4538,160907,79,2315,3391,110807
18-Jul-20,4807,165714,88,2403,3049,113856
19-Jul-20,4979,170693,78,2481,4059,117915
20-Jul-20,4985,175678,70,2551,3861,121776
21-Jul-20,4965,180643,75,2626,4894,126670
22-Jul-20,5849,186492,518,3144,4913,131583
23-Jul-20,6472,192964,88,3232,5210,136793
24-Jul-20,6785,199749,88,3320,6504,143297
25-Jul-20,6988,206737,89,3409,7758,151055
26-Jul-20,6986,213723,85,3494,5471,156526
27-Jul-20,6993,220716,77,3571,5723,162249
28-Jul-20,6972,227688,88,3659,4707,166956
29-Jul-20,6426,234114,82,3741,5927,172883
30-Jul-20,5864,239978,100,3841,5295,178178
31-Jul-20,5881,245859,94,3935,5778,183956
01-Aug-20,5879,251738,99,4034,7010,190966
02-Aug-20,5875,257613,98,4132,5517,196483
03-Aug-20,5609,263222,109,4241,5800,202283
04-Aug-20,5063,268285,108,4349,6501,208784
05-Aug-20,5175,273460,112,4461,6031,214815
06-Aug-20,5684,279144,110,4571,6272,221087
07-Aug-20,5880,285024,119,4690,6488,227575
08-Aug-20,5883,290907,118,4808,5043,232618
09-Aug-20,5994,296901,119,4927,6020,238638
10-Aug-20,5914,302815,114,5041,6037,244675
11-Aug-20,5834,308649,118,5159,6005,250680
12-Aug-20,5871,314520,119,5278,5633,256313
13-Aug-20,5835,320355,119,5397,5146,261459
14-Aug-20,5890,326245,117,5514,5556,267015
15-Aug-20,5860,332105,127,5641,5236,272251
16-Aug-20,5950,338055,125,5766,6019,278270
17-Aug-20,5890,343945,120,5886,5667,283937
18-Aug-20,5709,349654,121,6007,5850,289787
19-Aug-20,5795,355449,116,6123,6384,296171
20-Aug-20,5986,361435,116,6239,5742,301913
21-Aug-20,5995,367430,101,6340,5764,307677
22-Aug-20,5980,373410,80,6420,5603,313280
23-Aug-20,5975,379385,97,6517,6047,319327
24-Aug-20,5967,385352,97,6614,6129,325456
25-Aug-20,5951,391303,107,6721,6998,332454
26-Aug-20,5958,397261,118,6839,5606,338060
27-Aug-20,5981,403242,109,6948,5870,343930
28-Aug-20,5996,409238,102,7050,5752,349682
29-Aug-20,6352,415590,87,7137,6045,355727
30-Aug-20,6495,422085,94,7231,6406,362133
31-Aug-20,5956,428041,91,7322,6008,368141
01-Sep-20,5928,433969,96,7418,6031,374172
02-Sep-20,5990,439959,98,7516,5891,380063
03-Sep-20,5892,445851,92,7608,6110,386173
04-Sep-20,5976,451827,79,7687,6334,392507
05-Sep-20,5870,457697,64,7751,5859,398366
06-Sep-20,5783,463480,85,7836,5820,404186
07-Sep-20,5776,469256,89,7925,5930,410116
08-Sep-20,5684,474940,87,8012,6599,416715
09-Sep-20,5584,480524,78,8090,6516,423231
10-Sep-20,5528,486052,64,8154,6185,429416
11-Sep-20,5519,491571,77,8231,6006,435422
12-Sep-20,5495,497066,76,8307,6227,441649
13-Sep-20,5693,502759,74,8381,5717,447366
14-Sep-20,5752,508511,53,8434,5799,453165
15-Sep-20,5697,514208,68,8502,5735,458900
