Date,New Cases,Total Cases,Daily Dead,Total Dead,Daily Recovered,Total Recovered
14-Mar-20,0,0,0,0,0,0
15-Mar-20,0,0,0,0,0,0
16-Mar-20,0,0,0,0,0,0
17-Mar-20,0,0,0,0,0,0
18-Mar-20,0,0,0,0,0,0
19-Mar-20,0,0,0,0,0,0
20-Mar-20,0,0,0,0,0,0
21-Mar-20,0,0,0,0,0,0
22-Mar-20,0,0,0,0,0,0
23-Mar-20,0,0,0,0,0,0
24-Mar-20,0,0,0,0,0,0
25-Mar-20,0,0,0,0,0,0
26-Mar-20,0,0,0,0,0,0
27-Mar-20,0,0,0,0,0,0
28-Mar-20,0,0,0,0,0,0
29-Mar-20,0,0,0,0,0,0
30-Mar-20,0,0,0,0,0,0
31-Mar-20,0,0,0,0,0,0
01-Apr-20,0,0,0,0,0,0
02-Apr-20,0,0,0,0,0,0
03-Apr-20,0,0,0,0,0,0
04-Apr-20,0,0,0,0,0,0
05-Apr-20,0,0,0,0,0,0
06-Apr-20,1,1,0,0,0,0
07-Apr-20,0,1,0,0,0,0
08-Apr-20,0,1,0,0,0,0
09-Apr-20,0,1,0,0,0,0
10-Apr-20,1,2,0,0,0,0
11-Apr-20,0,2,0,0,0,0
12-Apr-20,0,2,0,0,0,0
13-Apr-20,0,2,0,0,0,0
14-Apr-20,0,2,0,0,0,0
15-Apr-20,0,2,0,0,1,1
16-Apr-20,0,2,0,0,0,1
17-Apr-20,0,2,0,0,0,1
18-Apr-20,0,2,0,0,0,1
19-Apr-20,0,2,0,0,0,1
20-Apr-20,0,2,0,0,0,1
21-Apr-20,0,2,0,0,0,1
22-Apr-20,0,2,0,0,0,1
23-Apr-20,0,2,0,0,1,2
24-Apr-20,0,2,0,0,0,2
25-Apr-20,0,2,0,0,0,2
26-Apr-20,0,2,0,0,0,2
27-Apr-20,0,2,0,0,0,2
28-Apr-20,0,2,0,0,0,2
29-Apr-20,0,2,0,0,0,2
30-Apr-20,1,3,0,0,0,2
01-May-20,0,3,0,0,0,2
02-May-20,2,5,0,0,0,2
03-May-20,12,17,0,0,0,2
04-May-20,13,30,0,0,0,2
05-May-20,13,43,0,0,0,2
06-May-20,22,65,0,0,0,2
07-May-20,24,89,0,0,0,2
08-May-20,30,119,0,0,0,2
09-May-20,17,136,0,0,0,2
10-May-20,16,152,0,0,0,2
11-May-20,0,152,0,0,0,2
12-May-20,2,154,0,0,0,2
13-May-20,1,155,0,0,0,2
14-May-20,1,156,0,0,27,29
15-May-20,0,156,0,0,13,42
16-May-20,11,167,0,0,22,64
17-May-20,-2,165,0,0,21,85
18-May-20,0,165,0,0,4,89
19-May-20,8,173,0,0,27,116
20-May-20,0,173,0,0,0,116
21-May-20,2,175,0,0,32,148
22-May-20,0,175,0,0,4,152
23-May-20,16,191,0,0,0,152
24-May-20,3,194,0,0,13,165
25-May-20,4,198,0,0,0,165
26-May-20,34,232,0,0,0,165
27-May-20,10,242,0,0,0,165
28-May-20,2,244,0,0,2,167
29-May-20,10,254,0,0,0,167
30-May-20,17,271,0,0,5,172
31-May-20,45,316,0,0,1,173
01-Jun-20,107,423,0,0,0,173
02-Jun-20,48,471,0,0,0,173
03-Jun-20,151,622,0,0,0,173
04-Jun-20,24,646,0,0,0,173
05-Jun-20,48,694,0,0,0,173
06-Jun-20,55,749,0,0,0,173
07-Jun-20,53,802,0,0,19,192
08-Jun-20,38,840,0,0,0,192
09-Jun-20,26,866,1,1,0,192
10-Jun-20,31,897,0,1,47,239
11-Jun-20,25,922,0,1,39,278
12-Jun-20,41,963,0,1,0,278
13-Jun-20,83,1046,0,1,37,315
14-Jun-20,33,1079,0,1,118,433
15-Jun-20,10,1089,0,1,0,433
16-Jun-20,1,1090,0,1,123,556
17-Jun-20,43,1133,0,1,0,556
18-Jun-20,21,1154,0,1,83,639
19-Jun-20,27,1181,0,1,18,657
20-Jun-20,8,1189,0,1,23,680
21-Jun-20,35,1224,0,1,79,759
22-Jun-20,16,1240,0,1,23,782
23-Jun-20,23,1263,0,1,25,807
24-Jun-20,0,1263,0,1,97,904
25-Jun-20,32,1295,0,1,122,1026
26-Jun-20,35,1330,0,1,36,1062
27-Jun-20,9,1339,0,1,16,1078
28-Jun-20,12,1351,0,1,8,1086
29-Jun-20,34,1385,0,1,6,1092
30-Jun-20,8,1393,0,1,0,1092
01-Jul-20,8,1401,0,1,1,1093
02-Jul-20,39,1440,0,1,53,1146
03-Jul-20,93,1533,0,1,53,1199
04-Jul-20,25,1558,0,1,3,1202
05-Jul-20,23,1581,0,1,4,1206
06-Jul-20,111,1692,0,1,13,1219
07-Jul-20,24,1716,0,1,29,1248
08-Jul-20,57,1773,0,1,76,1324
09-Jul-20,16,1789,0,1,14,1338
10-Jul-20,142,1931,0,1,34,1372
11-Jul-20,31,1962,1,2,3,1375
12-Jul-20,105,2067,0,2,46,1421
13-Jul-20,26,2093,0,2,54,1475
14-Jul-20,90,2183,0,2,63,1538
15-Jul-20,98,2281,1,3,66,1604
16-Jul-20,98,2379,0,3,33,1637
17-Jul-20,118,2497,0,3,47,1684
18-Jul-20,171,2668,2,5,51,1735
19-Jul-20,223,2891,0,5,24,1759
20-Jul-20,202,3093,2,7,86,1845
21-Jul-20,252,3345,1,8,81,1926
22-Jul-20,126,3471,1,9,107,2033
23-Jul-20,206,3677,1,10,39,2072
24-Jul-20,100,3777,1,11,59,2131
25-Jul-20,105,3882,0,11,79,2210
26-Jul-20,37,3919,2,13,152,2362
27-Jul-20,147,4066,4,17,105,2467
28-Jul-20,221,4287,4,21,154,2621
29-Jul-20,216,4503,0,21,57,2678
30-Jul-20,219,4722,0,21,284,2962
31-Jul-20,274,4996,0,21,365,3327
01-Aug-20,252,5248,2,23,136,3463
02-Aug-20,141,5389,4,27,142,3605
03-Aug-20,0,5389,0,27,0,3605
04-Aug-20,131,5520,1,28,70,3675
05-Aug-20,122,5642,2,30,50,3725
06-Aug-20,98,5740,1,31,68,3793
07-Aug-20,128,5868,5,36,67,3860
08-Aug-20,146,6014,1,37,224,4084
09-Aug-20,147,6161,4,41,92,4176
10-Aug-20,62,6223,1,42,267,4443
11-Aug-20,164,6387,1,43,213,4656
12-Aug-20,110,6497,0,43,182,4838
13-Aug-20,121,6618,1,44,74,4912
14-Aug-20,164,6782,2,46,103,5015
15-Aug-20,167,6949,4,50,73,5088
16-Aug-20,127,7076,5,55,63,5151
17-Aug-20,143,7219,4,59,135,5286
18-Aug-20,205,7424,3,62,118,5404
19-Aug-20,236,7660,3,65,93,5497
20-Aug-20,190,7850,0,65,68,5565
21-Aug-20,256,8106,4,69,86,5651
22-Aug-20,280,8386,1,70,410,6061
23-Aug-20,331,8717,2,72,121,6182
24-Aug-20,200,8917,1,73,159,6341
25-Aug-20,293,9210,6,79,73,6414
26-Aug-20,329,9539,4,83,160,6574
27-Aug-20,385,9924,2,85,123,6697
28-Aug-20,509,10433,4,89,142,6839
29-Aug-20,443,10876,5,94,198,7037
30-Aug-20,447,11323,4,98,195,7232
31-Aug-20,321,11644,5,103,201,7433
01-Sep-20,509,12153,10,113,221,7654
02-Sep-20,566,12719,5,118,193,7847
03-Sep-20,590,13309,8,126,186,8033
04-Sep-20,524,13833,3,129,179,8212
05-Sep-20,691,14524,7,136,271,8483
06-Sep-20,603,15127,8,144,262,8745
07-Sep-20,399,15526,5,149,303,9048
08-Sep-20,628,16154,3,152,294,9342
09-Sep-20,582,16736,9,161,311,9653
10-Sep-20,535,17271,6,167,340,9993
11-Sep-20,559,17830,5,172,262,10255
12-Sep-20,470,18300,10,182,479,10734
13-Sep-20,629,18929,12,194,398,11132
14-Sep-20,255,19184,6,200,404,11536
15-Sep-20,531,19715,7,207,389,11925
