Date,New Cases,Total Cases,Daily Dead,Total Dead,Daily Recovered,Total Recovered
14-Mar-20,0,0,0,0,0,0
15-Mar-20,0,0,0,0,0,0
16-Mar-20,0,0,0,0,0,0
17-Mar-20,1,1,0,0,0,0
18-Mar-20,0,1,0,0,0,0
19-Mar-20,0,1,0,0,0,0
20-Mar-20,1,2,0,0,0,0
21-Mar-20,2,4,0,0,0,0
22-Mar-20,3,7,0,0,0,0
23-Mar-20,0,7,1,1,0,0
24-Mar-20,2,9,0,1,0,0
25-Mar-20,0,9,0,1,0,0
26-Mar-20,1,10,0,1,0,0
27-Mar-20,5,15,0,1,0,0
28-Mar-20,3,18,0,1,0,0
29-Mar-20,3,21,0,1,0,0
30-Mar-20,1,22,1,2,0,0
31-Mar-20,15,37,1,3,3,3
01-Apr-20,0,37,0,3,0,3
02-Apr-20,16,53,0,3,0,3
03-Apr-20,0,53,0,3,0,3
04-Apr-20,0,53,0,3,0,3
05-Apr-20,27,80,0,3,7,10
06-Apr-20,0,80,0,3,0,10
07-Apr-20,11,91,0,3,3,13
08-Apr-20,8,99,2,5,0,13
09-Apr-20,4,103,0,5,3,16
10-Apr-20,13,116,0,5,0,16
11-Apr-20,10,126,0,5,0,16
12-Apr-20,8,134,2,7,3,19
13-Apr-20,18,152,0,7,10,29
14-Apr-20,38,190,0,7,7,36
15-Apr-20,23,213,0,7,1,37
16-Apr-20,18,231,3,10,5,42
17-Apr-20,24,255,0,10,9,51
18-Apr-20,32,287,2,12,4,55
19-Apr-20,23,310,0,12,7,62
20-Apr-20,29,339,0,12,4,66
21-Apr-20,53,392,3,15,7,73
22-Apr-20,31,423,0,15,0,73
23-Apr-20,33,456,0,15,6,79
24-Apr-20,58,514,3,18,24,103
25-Apr-20,57,571,0,18,0,103
26-Apr-20,40,611,2,20,2,105
27-Apr-20,38,649,0,20,0,105
28-Apr-20,48,697,2,22,4,109
29-Apr-20,28,725,0,22,10,119
30-Apr-20,33,758,11,33,5,124
01-May-20,37,795,8,41,15,139
02-May-20,127,922,7,48,12,151
03-May-20,276,1198,74,122,-19,132
04-May-20,61,1259,11,133,86,218
05-May-20,85,1344,7,140,46,264
06-May-20,112,1456,4,144,1,265
07-May-20,92,1548,7,151,31,296
08-May-20,130,1678,9,160,27,323
09-May-20,108,1786,11,171,49,372
10-May-20,153,1939,14,185,45,417
11-May-20,124,2063,5,190,82,499
12-May-20,110,2173,8,198,113,612
13-May-20,117,2290,9,207,90,702
14-May-20,87,2377,8,215,66,768
15-May-20,84,2461,10,225,61,829
16-May-20,115,2576,7,232,63,892
17-May-20,101,2677,6,238,67,959
18-May-20,147,2824,6,244,47,1006
19-May-20,137,2961,6,250,68,1074
20-May-20,142,3103,3,253,62,1136
21-May-20,94,3197,6,259,57,1193
22-May-20,135,3332,6,265,28,1221
23-May-20,127,3459,4,269,60,1281
24-May-20,208,3667,3,272,58,1339
25-May-20,149,3816,6,278,75,1414
26-May-20,193,4009,5,283,72,1486
27-May-20,183,4192,6,289,92,1578
28-May-20,344,4536,6,295,90,1668
29-May-20,277,4813,7,302,107,1775
30-May-20,317,5130,7,309,195,1970
31-May-20,371,5501,8,317,187,2157
01-Jun-20,271,5772,8,325,149,2306
02-Jun-20,396,6168,10,335,104,2410
03-Jun-20,340,6508,10,345,170,2580
04-Jun-20,368,6876,10,355,188,2768
05-Jun-20,427,7303,11,366,144,2912
06-Jun-20,435,7738,17,383,207,3119
07-Jun-20,449,8187,13,396,184,3303
08-Jun-20,426,8613,9,405,162,3465
09-Jun-20,372,8985,10,415,155,3620
10-Jun-20,343,9328,17,432,159,3779
11-Jun-20,440,9768,10,442,209,3988
12-Jun-20,476,10244,9,451,218,4206
13-Jun-20,454,10698,12,463,336,4542
14-Jun-20,389,11087,12,475,518,5060
15-Jun-20,407,11494,10,485,434,5494
16-Jun-20,415,11909,10,495,534,6028
17-Jun-20,391,12300,11,506,505,6533
18-Jun-20,435,12735,12,518,468,7001
19-Jun-20,355,13090,11,529,302,7303
20-Jun-20,441,13531,11,540,562,7865
21-Jun-20,414,13945,15,555,432,8297
22-Jun-20,413,14358,14,569,390,8687
23-Jun-20,370,14728,11,580,531,9218
24-Jun-20,445,15173,11,591,484,9702
25-Jun-20,475,15648,15,606,488,10190
26-Jun-20,542,16190,10,616,345,10535
27-Jun-20,521,16711,13,629,254,10789
28-Jun-20,572,17283,10,639,404,11193
29-Jun-20,624,17907,14,653,526,11719
30-Jun-20,652,18559,15,668,411,12130
01-Jul-20,611,19170,15,683,398,12528
02-Jul-20,649,19819,16,699,509,13037
03-Jul-20,669,20488,18,717,534,13571
04-Jul-20,743,21231,19,736,595,14166
05-Jul-20,895,22126,21,757,545,14711
06-Jul-20,861,22987,22,779,524,15235
07-Jul-20,850,23837,25,804,555,15790
08-Jul-20,986,24823,23,827,501,16291
09-Jul-20,1088,25911,27,854,535,16826
10-Jul-20,1198,27109,26,880,522,17348
11-Jul-20,1344,28453,26,906,611,17959
12-Jul-20,1560,30013,26,932,622,18581
13-Jul-20,1435,31448,24,956,632,19213
14-Jul-20,1390,32838,24,980,718,19931
15-Jul-20,1589,34427,20,1000,749,20680
16-Jul-20,1690,36117,23,1023,735,21415
17-Jul-20,1894,38011,26,1049,838,22253
18-Jul-20,2198,40209,27,1076,1286,23539
19-Jul-20,2278,42487,36,1112,1344,24883
20-Jul-20,2282,44769,35,1147,1535,26418
21-Jul-20,2261,47030,35,1182,1617,28035
22-Jul-20,2291,49321,39,1221,1615,29650
23-Jul-20,2436,51757,34,1255,2006,31656
24-Jul-20,2216,53973,35,1290,1873,33529
25-Jul-20,2404,56377,42,1332,2125,35654
26-Jul-20,2341,58718,40,1372,2097,37751
27-Jul-20,2112,60830,39,1411,2166,39917
28-Jul-20,2134,62964,38,1449,2105,42022
29-Jul-20,2294,65258,41,1490,2094,44116
30-Jul-20,2434,67692,46,1536,2140,46256
31-Jul-20,2496,70188,45,1581,2118,48374
01-Aug-20,2589,72777,48,1629,2143,50517
02-Aug-20,2739,75516,49,1678,2213,52730
03-Aug-20,2716,78232,53,1731,2088,54818
04-Aug-20,2752,80984,54,1785,2066,56884
05-Aug-20,2816,83800,61,1846,2078,58962
06-Aug-20,2954,86754,56,1902,2061,61023
07-Aug-20,2912,89666,52,1954,2037,63060
08-Aug-20,2949,92615,51,2005,2064,65124
09-Aug-20,2939,95554,54,2059,1996,67120
10-Aug-20,2905,98459,41,2100,3208,70328
11-Aug-20,2931,101390,49,2149,3067,73395
12-Aug-20,2936,104326,54,2203,2725,76120
13-Aug-20,2997,107323,56,2259,2497,78617
14-Aug-20,3035,110358,60,2319,2572,81189
15-Aug-20,3074,113432,58,2377,2647,83836
16-Aug-20,3066,116498,51,2428,2935,86771
17-Aug-20,3080,119578,45,2473,2932,89703
18-Aug-20,3175,122753,55,2528,2987,92690
19-Aug-20,3169,125922,53,2581,2973,95663
20-Aug-20,3197,129119,53,2634,3126,98789
21-Aug-20,3245,132364,55,2689,3082,101871
22-Aug-20,3232,135596,48,2737,3088,104959
23-Aug-20,3274,138870,57,2794,3048,108007
24-Aug-20,2967,141837,57,2851,3285,111292
25-Aug-20,2964,144801,58,2909,3251,114543
26-Aug-20,2974,147775,55,2964,3314,117857
27-Aug-20,2997,150772,53,3017,3189,121046
28-Aug-20,2982,153754,56,3073,3286,124332
29-Aug-20,3012,156766,53,3126,3312,127644
30-Aug-20,3019,159785,50,3176,3308,130952
31-Aug-20,2993,162778,52,3228,3318,134270
01-Sep-20,2943,165721,55,3283,3346,137616
02-Sep-20,2976,168697,56,3339,3297,140913
03-Sep-20,2984,171681,55,3394,3335,144248
04-Sep-20,2978,174659,58,3452,3305,147553
05-Sep-20,3042,177701,58,3510,3248,150801
06-Sep-20,3087,180788,52,3562,3207,154008
07-Sep-20,3077,183865,58,3620,3021,157029
08-Sep-20,3091,186956,57,3677,2996,160025
09-Sep-20,3107,190063,53,3730,2967,162992
10-Sep-20,3112,193175,41,3771,3035,166027
11-Sep-20,3157,196332,57,3828,3016,169043
12-Sep-20,3161,199493,59,3887,3042,172085
13-Sep-20,3215,202708,58,3945,3054,175139
14-Sep-20,3211,205919,58,4003,3084,178223
15-Sep-20,3227,209146,59,4062,2919,181142
